1980.0	0.00512	0.0119194670	0.02091
1980.1	0.00532	0.0120169885	0.02089
1980.2	0.00554	0.0121198671	0.02084
1980.3	0.00576	0.0122269626	0.02080
1980.4	0.00596	0.0123273100	0.02079
1980.5	0.00618	0.0124346370	0.02077
1980.6	0.00634	0.0125325487	0.02076
1980.7	0.00653	0.0126304311	0.02071
1980.8	0.00673	0.0127316206	0.02071
1980.9	0.00691	0.0128306411	0.02067
1981.0	0.00709	0.0129406733	0.02066
1981.1	0.00727	0.0130397640	0.02067
1981.2	0.00746	0.0131416828	0.02065
1981.3	0.00763	0.0132503803	0.02065
1981.4	0.00780	0.0133482478	0.02061
1981.5	0.00794	0.0134464146	0.02058
1981.6	0.00812	0.0135340358	0.02059
1981.7	0.00829	0.0136386213	0.02058
1981.8	0.00846	0.0137292804	0.02057
1981.9	0.00861	0.0138211710	0.02057
1982.0	0.00877	0.0139180038	0.02057
1982.1	0.00892	0.0140165013	0.02057
1982.2	0.00907	0.0141062285	0.02059
1982.3	0.00921	0.0141965974	0.02057
1982.4	0.00935	0.0143003001	0.02058
1982.5	0.00948	0.0143859103	0.02057
1982.6	0.00961	0.0144774883	0.02063
1982.7	0.00974	0.0145756737	0.02062
1982.8	0.00986	0.0146610890	0.02064
1982.9	0.00997	0.0147382183	0.02068
1983.0	0.01008	0.0148260869	0.02070
1983.1	0.01021	0.0149204941	0.02073
1983.2	0.01032	0.0150088424	0.02076
1983.3	0.01041	0.0150861355	0.02082
1983.4	0.01051	0.0151636360	0.02085
1983.5	0.01061	0.0152367336	0.02090
1983.6	0.01069	0.0153159245	0.02096
1983.7	0.01080	0.0154044551	0.02099
1983.8	0.01092	0.0154922141	0.02104
1983.9	0.01102	0.0155707705	0.02108
1984.0	0.01110	0.0156571605	0.02115
1984.1	0.01118	0.0157263018	0.02122
1984.2	0.01127	0.0157949626	0.02125
1984.3	0.01134	0.0158639756	0.02128
1984.4	0.01141	0.0159387038	0.02132
1984.5	0.01150	0.0160129689	0.02136
1984.6	0.01158	0.0160885110	0.02143
1984.7	0.01165	0.0161455130	0.02152
1984.8	0.01172	0.0162128046	0.02157
1984.9	0.01179	0.0162898957	0.02163
1985.0	0.01185	0.0163648498	0.02171
1985.1	0.01193	0.0164235071	0.02177
1985.2	0.01200	0.0164993642	0.02183
1985.3	0.01207	0.0165685020	0.02189
1985.4	0.01213	0.0166364865	0.02196
1985.5	0.01217	0.0167012946	0.02202
1985.6	0.01224	0.0167725543	0.02210
1985.7	0.01230	0.0168388765	0.02217
1985.8	0.01235	0.0169085580	0.02224
1985.9	0.01242	0.0169719322	0.02230
1986.0	0.01248	0.0170369786	0.02237
1986.1	0.01254	0.0171009874	0.02245
1986.2	0.01260	0.0171607579	0.02253
1986.3	0.01265	0.0172186989	0.02260
1986.4	0.01268	0.0172784932	0.02270
1986.5	0.01273	0.0173369104	0.02278
1986.6	0.01277	0.0173904867	0.02285
1986.7	0.01282	0.0174483568	0.02293
1986.8	0.01285	0.0175010767	0.02301
1986.9	0.01289	0.0175589494	0.02307
1987.0	0.01292	0.0176147796	0.02314
1987.1	0.01296	0.0176698795	0.02322
1987.2	0.01300	0.0177328358	0.02329
1987.3	0.01303	0.0177887791	0.02337
1987.4	0.01305	0.0178533507	0.02345
1987.5	0.01307	0.0179106713	0.02352
1987.6	0.01312	0.0179671691	0.02360
1987.7	0.01316	0.0180192740	0.02365
1987.8	0.01319	0.0180690197	0.02372
1987.9	0.01322	0.0181241456	0.02380
1988.0	0.01325	0.0181773682	0.02391
1988.1	0.01327	0.0182260418	0.02395
1988.2	0.01330	0.0182777871	0.02401
1988.3	0.01334	0.0183226530	0.02410
1988.4	0.01338	0.0183654496	0.02419
1988.5	0.01340	0.0184168471	0.02428
1988.6	0.01341	0.0184575072	0.02433
1988.7	0.01344	0.0185050010	0.02440
1988.8	0.01346	0.0185575228	0.02446
1988.9	0.01349	0.0186003168	0.02455
1989.0	0.01352	0.0186498396	0.02463
1989.1	0.01355	0.0187060822	0.02472
1989.2	0.01358	0.0187484481	0.02477
1989.3	0.01362	0.0187956261	0.02482
1989.4	0.01365	0.0188383298	0.02487
1989.5	0.01367	0.0188771580	0.02495
1989.6	0.01369	0.0189220683	0.02501
1989.7	0.01372	0.0189622360	0.02508
1989.8	0.01374	0.0190016912	0.02514
1989.9	0.01376	0.0190443371	0.02520
1990.0	0.01378	0.0190899669	0.02526
1990.1	0.01380	0.0191286942	0.02533
1990.2	0.01382	0.0191671359	0.02540
1990.3	0.01384	0.0191978140	0.02544
1990.4	0.01387	0.0192299050	0.02547
1990.5	0.01390	0.0192672118	0.02548
1990.6	0.01392	0.0192984296	0.02552
1990.7	0.01392	0.0193246238	0.02557
1990.8	0.01395	0.0193421151	0.02560
1990.9	0.01396	0.0193678337	0.02562
1991.0	0.01398	0.0193861803	0.02565
1991.1	0.01400	0.0194097284	0.02568
1991.2	0.01403	0.0194360609	0.02570
1991.3	0.01404	0.0194482125	0.02572
1991.4	0.01404	0.0194657056	0.02573
1991.5	0.01406	0.0194739345	0.02574
1991.6	0.01408	0.0194945428	0.02579
1991.7	0.01407	0.0195005886	0.02584
1991.8	0.01407	0.0195138914	0.02584
1991.9	0.01406	0.0195181762	0.02588
1992.0	0.01406	0.0195344324	0.02591
1992.1	0.01406	0.0195374001	0.02593
1992.2	0.01406	0.0195526516	0.02596
1992.3	0.01405	0.0195654448	0.02600
1992.4	0.01404	0.0195626950	0.02602
1992.5	0.01405	0.0195630949	0.02603
1992.6	0.01401	0.0195622494	0.02606
1992.7	0.01400	0.0195637181	0.02610
1992.8	0.01401	0.0195704394	0.02609
1992.9	0.01399	0.0195755121	0.02609
1993.0	0.01397	0.0195848464	0.02610
1993.1	0.01395	0.0195824057	0.02613
1993.2	0.01393	0.0195831949	0.02617
1993.3	0.01392	0.0195754138	0.02617
1993.4	0.01392	0.0195697367	0.02619
1993.5	0.01388	0.0195653408	0.02618
1993.6	0.01388	0.0195683340	0.02621
1993.7	0.01389	0.0195715727	0.02624
1993.8	0.01385	0.0195626690	0.02629
1993.9	0.01382	0.0195530869	0.02634
1994.0	0.01379	0.0195424267	0.02637
1994.1	0.01373	0.0195442197	0.02642
1994.2	0.01372	0.0195469418	0.02646
1994.3	0.01374	0.0195490538	0.02650
1994.4	0.01373	0.0195511113	0.02652
1994.5	0.01372	0.0195575080	0.02654
1994.6	0.01368	0.0195623759	0.02658
1994.7	0.01367	0.0195745893	0.02660
1994.8	0.01364	0.0195811560	0.02665
1994.9	0.01361	0.0195838418	0.02669
1995.0	0.01359	0.0195858298	0.02670
1995.1	0.01358	0.0195943372	0.02673
1995.2	0.01358	0.0196123586	0.02674
1995.3	0.01356	0.0196181585	0.02675
1995.4	0.01356	0.0196249843	0.02679
1995.5	0.01355	0.0196330280	0.02682
1995.6	0.01353	0.0196401669	0.02685
1995.7	0.01355	0.0196545658	0.02685
1995.8	0.01356	0.0196656737	0.02691
1995.9	0.01356	0.0196745769	0.02694
1996.0	0.01357	0.0196896564	0.02695
1996.1	0.01357	0.0197139860	0.02697
1996.2	0.01359	0.0197405246	0.02700
1996.3	0.01360	0.0197642578	0.02700
1996.4	0.01365	0.0197817603	0.02699
1996.5	0.01367	0.0198149462	0.02699
1996.6	0.01369	0.0198474325	0.02702
1996.7	0.01372	0.0198766331	0.02702
1996.8	0.01376	0.0199128134	0.02703
1996.9	0.01380	0.0199473191	0.02704
1997.0	0.01383	0.0199918111	0.02705
1997.1	0.01389	0.0200310807	0.02708
1997.2	0.01391	0.0200630127	0.02713
1997.3	0.01398	0.0200916048	0.02713
1997.4	0.01406	0.0201223722	0.02715
1997.5	0.01411	0.0201545131	0.02715
1997.6	0.01416	0.0201846931	0.02716
1997.7	0.01421	0.0202367780	0.02720
1997.8	0.01426	0.0202798657	0.02722
1997.9	0.01433	0.0203192819	0.02725
1998.0	0.01439	0.0203570455	0.02730
1998.1	0.01444	0.0204086381	0.02733
1998.2	0.01449	0.0204524029	0.02737
1998.3	0.01450	0.0204872768	0.02742
1998.4	0.01456	0.0205288597	0.02748
1998.5	0.01459	0.0205852834	0.02756
1998.6	0.01465	0.0206140017	0.02758
1998.7	0.01468	0.0206449066	0.02762
1998.8	0.01474	0.0206731338	0.02768
1998.9	0.01479	0.0207026691	0.02771
1999.0	0.01482	0.0207432664	0.02776
1999.1	0.01484	0.0207889802	0.02779
1999.2	0.01488	0.0208394943	0.02784
1999.3	0.01491	0.0208785373	0.02787
1999.4	0.01496	0.0209179058	0.02793
1999.5	0.01498	0.0209574095	0.02797
1999.6	0.01499	0.0209958753	0.02799
1999.7	0.01503	0.0210330077	0.02806
1999.8	0.01505	0.0210643697	0.02812
1999.9	0.01507	0.0210941364	0.02818
2000.0	0.01507	0.0211219017	0.02824
2000.1	0.01510	0.0211543844	0.02826
2000.2	0.01511	0.0211918324	0.02829
2000.3	0.01515	0.0212176879	0.02832
2000.4	0.01516	0.0212398335	0.02835
2000.5	0.01516	0.0212647437	0.02838
2000.6	0.01519	0.0212852818	0.02839
2000.7	0.01521	0.0213021077	0.02842
2000.8	0.01523	0.0213127830	0.02846
2000.9	0.01525	0.0213234704	0.02848
2001.0	0.01527	0.0213439138	0.02847
2001.1	0.01530	0.0213528208	0.02847
2001.2	0.01532	0.0213567084	0.02847
2001.3	0.01532	0.0213529856	0.02847
2001.4	0.01533	0.0213467279	0.02843
2001.5	0.01534	0.0213360903	0.02839
2001.6	0.01535	0.0213215358	0.02836
2001.7	0.01536	0.0212960800	0.02834
2001.8	0.01537	0.0212812599	0.02830
2001.9	0.01536	0.0212550627	0.02825
2002.0	0.01537	0.0212237483	0.02823
2002.1	0.01536	0.0211978683	0.02814
2002.2	0.01538	0.0211673748	0.02808
2002.3	0.01537	0.0211277339	0.02803
2002.4	0.01538	0.0210937331	0.02793
2002.5	0.01539	0.0210550668	0.02784
2002.6	0.01539	0.0210082718	0.02775
2002.7	0.01536	0.0209637382	0.02767
2002.8	0.01536	0.0209187477	0.02757
2002.9	0.01535	0.0208759218	0.02749
2003.0	0.01532	0.0208279773	0.02740
2003.1	0.01531	0.0207736049	0.02730
2003.2	0.01526	0.0207236455	0.02719
2003.3	0.01525	0.0206631635	0.02710
2003.4	0.01522	0.0206050234	0.02700
2003.5	0.01518	0.0205518154	0.02691
2003.6	0.01515	0.0204919189	0.02679
2003.7	0.01513	0.0204352216	0.02671
2003.8	0.01509	0.0203754633	0.02661
2003.9	0.01505	0.0203140153	0.02651
2004.0	0.01504	0.0202695498	0.02640
2004.1	0.01500	0.0202138823	0.02632
2004.2	0.01497	0.0201579281	0.02623
2004.3	0.01492	0.0201140577	0.02615
2004.4	0.01489	0.0200539275	0.02605
2004.5	0.01486	0.0199882084	0.02596
2004.6	0.01485	0.0199374141	0.02584
2004.7	0.01482	0.0198784416	0.02577
2004.8	0.01476	0.0198354005	0.02570
2004.9	0.01474	0.0197838647	0.02564
2005.0	0.01470	0.0197363649	0.02559
2005.1	0.01469	0.0196979564	0.02552
2005.2	0.01466	0.0196659004	0.02547
2005.3	0.01464	0.0196311162	0.02542
2005.4	0.01462	0.0195975425	0.02534
2005.5	0.01460	0.0195743097	0.02529
2005.6	0.01458	0.0195519399	0.02521
2005.7	0.01456	0.0195282660	0.02517
2005.8	0.01456	0.0195069937	0.02514
2005.9	0.01455	0.0194859335	0.02511
2006.0	0.01455	0.0194688772	0.02510
2006.1	0.01455	0.0194642809	0.02510
2006.2	0.01456	0.0194582862	0.02508
2006.3	0.01458	0.0194632405	0.02510
2006.4	0.01457	0.0194658039	0.02510
2006.5	0.01459	0.0194737998	0.02509
2006.6	0.01461	0.0194878082	0.02511
2006.7	0.01462	0.0195103475	0.02513
2006.8	0.01463	0.0195257211	0.02513
2006.9	0.01468	0.0195513806	0.02517
2007.0	0.01474	0.0195896985	0.02520
2007.1	0.01478	0.0196240801	0.02520
2007.2	0.01483	0.0196586166	0.02520
2007.3	0.01488	0.0196856955	0.02522
2007.4	0.01494	0.0197234206	0.02522
2007.5	0.01499	0.0197573880	0.02521
2007.6	0.01503	0.0197877746	0.02520
2007.7	0.01506	0.0198149680	0.02521
2007.8	0.01512	0.0198373119	0.02522
2007.9	0.01517	0.0198557958	0.02524
2008.0	0.01521	0.0198720248	0.02524
2008.1	0.01526	0.0198954098	0.02525
2008.2	0.01532	0.0199119325	0.02526
2008.3	0.01535	0.0199297869	0.02525
2008.4	0.01540	0.0199459904	0.02525
2008.5	0.01544	0.0199690026	0.02524
2008.6	0.01549	0.0199961076	0.02522
2008.7	0.01555	0.0200153186	0.02521
2008.8	0.01560	0.0200486423	0.02522
2008.9	0.01565	0.0200837366	0.02521
2009.0	0.01569	0.0201180332	0.02519
2009.1	0.01573	0.0201472168	0.02519
2009.2	0.01577	0.0201759632	0.02521
2009.3	0.01582	0.0202149808	0.02522
2009.4	0.01588	0.0202550620	0.02524
2009.5	0.01594	0.0202915395	0.02527
2009.6	0.01600	0.0203322094	0.02529
2009.7	0.01605	0.0203824888	0.02530
2009.8	0.01611	0.0204332015	0.02533
2009.9	0.01618	0.0204883262	0.02537
2010.0	0.01626	0.0205415447	0.02542
2010.1	0.01633	0.0205984610	0.02544
2010.2	0.01640	0.0206594347	0.02547
2010.3	0.01649	0.0207370245	0.02552
2010.4	0.01659	0.0208136744	0.02559
2010.5	0.01668	0.0209013816	0.02565
2010.6	0.01679	0.0209857076	0.02572
2010.7	0.01690	0.0210728414	0.02578
2010.8	0.01702	0.0211687183	0.02587
2010.9	0.01715	0.0212679293	0.02596
2011.0	0.01727	0.0213749895	0.02604
2011.1	0.01740	0.0214886173	0.02613
2011.2	0.01754	0.0216086351	0.02624
2011.3	0.01768	0.0217319332	0.02633
2011.4	0.01781	0.0218647192	0.02644
2011.5	0.01795	0.0220074387	0.02655
2011.6	0.01810	0.0221552132	0.02670
2011.7	0.01827	0.0223054357	0.02686
2011.8	0.01843	0.0224651444	0.02703
2011.9	0.01857	0.0226392851	0.02719
2012.0	0.01877	0.0228192160	0.02735
2012.1	0.01895	0.0230020190	0.02755
2012.2	0.01913	0.0231946764	0.02771
2012.3	0.01930	0.0233828548	0.02790
2012.4	0.01949	0.0235747076	0.02809
2012.5	0.01967	0.0237682838	0.02827
2012.6	0.01986	0.0239554074	0.02848
2012.7	0.02005	0.0241557924	0.02869
2012.8	0.02024	0.0243501468	0.02890
2012.9	0.02043	0.0245476489	0.02911
2013.0	0.02062	0.0247531311	0.02934
2013.1	0.02082	0.0249551001	0.02958
2013.2	0.02102	0.0251751302	0.02981
2013.3	0.02122	0.0253840970	0.03006
2013.4	0.02143	0.0256005904	0.03029
2013.5	0.02159	0.0258138891	0.03055
2013.6	0.02177	0.0260306645	0.03082
2013.7	0.02195	0.0262518420	0.03111
2013.8	0.02214	0.0264784491	0.03140
2013.9	0.02233	0.0267117396	0.03167
2014.0	0.02252	0.0269449561	0.03193
2014.1	0.02270	0.0271844235	0.03219
2014.2	0.02288	0.0274117298	0.03251
2014.3	0.02307	0.0276477115	0.03283
2014.4	0.02324	0.0278874914	0.03316
2014.5	0.02343	0.0281344031	0.03349
2014.6	0.02361	0.0283877059	0.03382
2014.7	0.02378	0.0286328290	0.03417
2014.8	0.02396	0.0288811324	0.03451
2014.9	0.02414	0.0291298243	0.03487
2015.0	0.02431	0.0293872984	0.03523
2015.1	0.02450	0.0296464915	0.03557
2015.2	0.02468	0.0299151989	0.03596
2015.3	0.02486	0.0301825806	0.03636
2015.4	0.02506	0.0304614511	0.03673
2015.5	0.02524	0.0307391247	0.03712
2015.6	0.02537	0.0310138681	0.03753
2015.7	0.02555	0.0313095412	0.03794
2015.8	0.02571	0.0315950926	0.03839
2015.9	0.02586	0.0318934689	0.03883
2016.0	0.02606	0.0321853202	0.03922
2016.1	0.02623	0.0324881988	0.03969
2016.2	0.02642	0.0327858766	0.04013
2016.3	0.02659	0.0331040103	0.04057
2016.4	0.02679	0.0334086763	0.04104
2016.5	0.02699	0.0337160250	0.04151
2016.6	0.02716	0.0340321362	0.04200
2016.7	0.02735	0.0343568517	0.04252
2016.8	0.02754	0.0346689780	0.04302
2016.9	0.02773	0.0349904954	0.04349
2017.0	0.02792	0.0353224178	0.04400
2017.1	0.02813	0.0356581309	0.04458
2017.2	0.02834	0.0359992912	0.04513
2017.3	0.02852	0.0363597432	0.04569
2017.4	0.02868	0.0367081921	0.04627
2017.5	0.02887	0.0370566273	0.04684
2017.6	0.02904	0.0374179880	0.04737
2017.7	0.02925	0.0377768235	0.04793
2017.8	0.02944	0.0381582406	0.04850
2017.9	0.02966	0.0385384952	0.04912
2018.0	0.02987	0.0389136819	0.04970
2018.1	0.03007	0.0392787574	0.05033
2018.2	0.03026	0.0396513255	0.05094
2018.3	0.03047	0.0400503257	0.05154
2018.4	0.03066	0.0404321551	0.05215
2018.5	0.03085	0.0408195981	0.05279
2018.6	0.03106	0.0412109717	0.05344
2018.7	0.03126	0.0416017662	0.05407
2018.8	0.03143	0.0420141409	0.05470
2018.9	0.03165	0.0424133134	0.05533
2019.0	0.03184	0.0428238326	0.05603
2019.1	0.03207	0.0432578342	0.05672
2019.2	0.03225	0.0436747622	0.05736
2019.3	0.03246	0.0440917010	0.05803
2019.4	0.03265	0.0445189675	0.05871
2019.5	0.03287	0.0449388538	0.05947
2019.6	0.03306	0.0453702774	0.06014
2019.7	0.03326	0.0458119531	0.06080
2019.8	0.03347	0.0462409192	0.06151
2019.9	0.03369	0.0466894448	0.06221
2020.0	0.03393	0.0471405002	0.06295
2020.1	0.03414	0.0475853921	0.06364
2020.2	0.03435	0.0480369448	0.06441
2020.3	0.03460	0.0484940272	0.06514
2020.4	0.03483	0.0489591965	0.06591
2020.5	0.03503	0.0494373601	0.06664
2020.6	0.03527	0.0498976201	0.06740
2020.7	0.03554	0.0503726223	0.06817
2020.8	0.03576	0.0508527721	0.06896
2020.9	0.03601	0.0513399315	0.06975
2021.0	0.03626	0.0518419191	0.07053
2021.1	0.03650	0.0523061075	0.07132
2021.2	0.03672	0.0528078867	0.07214
2021.3	0.03697	0.0532908777	0.07298
2021.4	0.03722	0.0537908940	0.07383
2021.5	0.03746	0.0542884169	0.07459
2021.6	0.03764	0.0548001848	0.07541
2021.7	0.03790	0.0553101491	0.07626
2021.8	0.03814	0.0558224148	0.07712
2021.9	0.03841	0.0563458952	0.07798
2022.0	0.03866	0.0568466427	0.07880
