1980.0	0.07559	0.1042023592	0.13458
1980.1	0.07693	0.1051995973	0.13517
1980.2	0.07829	0.1062307549	0.13585
1980.3	0.07969	0.1072274060	0.13638
1980.4	0.08105	0.1082271547	0.13691
1980.5	0.08255	0.1092120934	0.13751
1980.6	0.08393	0.1101866544	0.13806
1980.7	0.08525	0.1111408778	0.13862
1980.8	0.08667	0.1121238394	0.13923
1980.9	0.08802	0.1131146529	0.13984
1981.0	0.08932	0.1140454379	0.14041
1981.1	0.09063	0.1149988599	0.14104
1981.2	0.09190	0.1158866717	0.14164
1981.3	0.09318	0.1168130943	0.14223
1981.4	0.09440	0.1177779785	0.14277
1981.5	0.09571	0.1187203440	0.14322
1981.6	0.09695	0.1196065713	0.14385
1981.7	0.09824	0.1205481543	0.14451
1981.8	0.09944	0.1214379265	0.14509
1981.9	0.10062	0.1223172667	0.14569
1982.0	0.10176	0.1232447643	0.14621
1982.1	0.10297	0.1241841742	0.14685
1982.2	0.10426	0.1251137135	0.14747
1982.3	0.10553	0.1260551609	0.14807
1982.4	0.10666	0.1269516866	0.14869
1982.5	0.10771	0.1278422049	0.14927
1982.6	0.10885	0.1288068258	0.14988
1982.7	0.11006	0.1296748447	0.15048
1982.8	0.11119	0.1305719697	0.15108
1982.9	0.11229	0.1314703938	0.15176
1983.0	0.11338	0.1323370571	0.15237
1983.1	0.11449	0.1331901844	0.15310
1983.2	0.11555	0.1340387885	0.15368
1983.3	0.11658	0.1348967650	0.15435
1983.4	0.11759	0.1357604683	0.15504
1983.5	0.11859	0.1366177858	0.15575
1983.6	0.11963	0.1374853457	0.15632
1983.7	0.12062	0.1383429364	0.15693
1983.8	0.12163	0.1391913749	0.15751
1983.9	0.12266	0.1400462445	0.15822
1984.0	0.12368	0.1408763016	0.15889
1984.1	0.12466	0.1417029396	0.15957
1984.2	0.12557	0.1425029074	0.16024
1984.3	0.12653	0.1433420692	0.16093
1984.4	0.12742	0.1441263383	0.16163
1984.5	0.12833	0.1449200060	0.16232
1984.6	0.12924	0.1457296869	0.16295
1984.7	0.13014	0.1465238348	0.16366
1984.8	0.13105	0.1472973876	0.16437
1984.9	0.13192	0.1480944043	0.16501
1985.0	0.13274	0.1488645482	0.16572
1985.1	0.13353	0.1496578611	0.16644
1985.2	0.13439	0.1504522366	0.16716
1985.3	0.13519	0.1512142290	0.16783
1985.4	0.13600	0.1519892999	0.16855
1985.5	0.13690	0.1527449379	0.16928
1985.6	0.13767	0.1535178878	0.16993
1985.7	0.13847	0.1542727074	0.17067
1985.8	0.13924	0.1550176611	0.17137
1985.9	0.14000	0.1557581340	0.17202
1986.0	0.14074	0.1564800379	0.17271
1986.1	0.14152	0.1572215855	0.17340
1986.2	0.14227	0.1579228145	0.17415
1986.3	0.14305	0.1586335148	0.17483
1986.4	0.14378	0.1593613733	0.17553
1986.5	0.14447	0.1600939645	0.17620
1986.6	0.14522	0.1608099107	0.17685
1986.7	0.14585	0.1615205002	0.17750
1986.8	0.14659	0.1622270279	0.17814
1986.9	0.14727	0.1629303893	0.17884
1987.0	0.14797	0.1635932540	0.17952
1987.1	0.14863	0.1642753707	0.18024
1987.2	0.14929	0.1649785636	0.18099
1987.3	0.14996	0.1656397402	0.18166
1987.4	0.15061	0.1662995733	0.18233
1987.5	0.15125	0.1669563489	0.18300
1987.6	0.15194	0.1676330235	0.18374
1987.7	0.15246	0.1683022746	0.18446
1987.8	0.15298	0.1689768159	0.18511
1987.9	0.15357	0.1696640962	0.18580
1988.0	0.15416	0.1703111067	0.18647
1988.1	0.15484	0.1709792439	0.18714
1988.2	0.15550	0.1715897342	0.18790
1988.3	0.15603	0.1722214840	0.18861
1988.4	0.15659	0.1728645431	0.18926
1988.5	0.15716	0.1735049451	0.18992
1988.6	0.15774	0.1741281826	0.19056
1988.7	0.15837	0.1747332849	0.19123
1988.8	0.15892	0.1753564245	0.19191
1988.9	0.15944	0.1759599439	0.19258
1989.0	0.15997	0.1765500997	0.19321
1989.1	0.16055	0.1771330336	0.19385
1989.2	0.16109	0.1777260402	0.19445
1989.3	0.16169	0.1783349702	0.19505
1989.4	0.16223	0.1789459694	0.19572
1989.5	0.16280	0.1795092814	0.19634
1989.6	0.16332	0.1800858569	0.19693
1989.7	0.16385	0.1806611593	0.19760
1989.8	0.16438	0.1812244872	0.19822
1989.9	0.16497	0.1817600140	0.19888
1990.0	0.16553	0.1822986357	0.19950
1990.1	0.16598	0.1828556329	0.20007
1990.2	0.16652	0.1834060527	0.20068
1990.3	0.16694	0.1839334699	0.20127
1990.4	0.16745	0.1844652479	0.20184
1990.5	0.16799	0.1850085217	0.20239
1990.6	0.16846	0.1855273705	0.20294
1990.7	0.16897	0.1860526986	0.20344
1990.8	0.16944	0.1865613910	0.20398
1990.9	0.16991	0.1870640172	0.20453
1991.0	0.17041	0.1875458880	0.20503
1991.1	0.17086	0.1880538718	0.20555
1991.2	0.17131	0.1885223050	0.20605
1991.3	0.17178	0.1889792449	0.20657
1991.4	0.17224	0.1894235080	0.20704
1991.5	0.17261	0.1898625572	0.20754
1991.6	0.17300	0.1903020844	0.20799
1991.7	0.17338	0.1907366706	0.20848
1991.8	0.17379	0.1911665619	0.20897
1991.9	0.17414	0.1915893240	0.20944
1992.0	0.17449	0.1919851118	0.20987
1992.1	0.17491	0.1923862876	0.21035
1992.2	0.17538	0.1927906376	0.21080
1992.3	0.17571	0.1931683312	0.21122
1992.4	0.17608	0.1935629928	0.21159
1992.5	0.17646	0.1939669660	0.21196
1992.6	0.17680	0.1943531992	0.21237
1992.7	0.17708	0.1947434314	0.21286
1992.8	0.17741	0.1951333469	0.21324
1992.9	0.17774	0.1955328255	0.21364
1993.0	0.17810	0.1959356986	0.21407
1993.1	0.17845	0.1963201798	0.21451
1993.2	0.17876	0.1967136110	0.21500
1993.3	0.17906	0.1970707760	0.21541
1993.4	0.17939	0.1974388246	0.21582
1993.5	0.17969	0.1977990856	0.21628
1993.6	0.18003	0.1981904754	0.21674
1993.7	0.18035	0.1985285245	0.21711
1993.8	0.18064	0.1988730584	0.21753
1993.9	0.18098	0.1992164550	0.21799
1994.0	0.18126	0.1995621683	0.21832
1994.1	0.18154	0.1999055875	0.21878
1994.2	0.18178	0.2002157630	0.21921
1994.3	0.18202	0.2005431802	0.21962
1994.4	0.18224	0.2008800461	0.22001
1994.5	0.18256	0.2012295469	0.22040
1994.6	0.18283	0.2015843839	0.22080
1994.7	0.18315	0.2019217456	0.22129
1994.8	0.18339	0.2022733215	0.22177
1994.9	0.18368	0.2026157277	0.22217
1995.0	0.18387	0.2029674200	0.22254
1995.1	0.18420	0.2032998498	0.22297
1995.2	0.18448	0.2036392296	0.22330
1995.3	0.18487	0.2039742934	0.22376
1995.4	0.18511	0.2043294696	0.22416
1995.5	0.18545	0.2046729425	0.22457
1995.6	0.18569	0.2050106543	0.22492
1995.7	0.18596	0.2053494508	0.22535
1995.8	0.18627	0.2056669309	0.22569
1995.9	0.18658	0.2060136326	0.22606
1996.0	0.18696	0.2064025134	0.22641
1996.1	0.18727	0.2067567118	0.22676
1996.2	0.18756	0.2070975427	0.22710
1996.3	0.18791	0.2074283019	0.22746
1996.4	0.18830	0.2078005835	0.22784
1996.5	0.18863	0.2081716915	0.22830
1996.6	0.18898	0.2085135702	0.22862
1996.7	0.18936	0.2088813312	0.22903
1996.8	0.18974	0.2092782963	0.22940
1996.9	0.19013	0.2095938995	0.22959
1997.0	0.19054	0.2100165949	0.22985
1997.1	0.19093	0.2103594079	0.23006
1997.2	0.19138	0.2107265460	0.23043
1997.3	0.19180	0.2110837216	0.23068
1997.4	0.19219	0.2114375174	0.23106
1997.5	0.19267	0.2117886333	0.23130
1997.6	0.19302	0.2121546902	0.23166
1997.7	0.19340	0.2124825197	0.23196
1997.8	0.19374	0.2128633958	0.23243
1997.9	0.19418	0.2132286621	0.23281
1998.0	0.19458	0.2135603947	0.23317
1998.1	0.19492	0.2139132671	0.23342
1998.2	0.19522	0.2142783437	0.23380
1998.3	0.19566	0.2146388574	0.23417
1998.4	0.19598	0.2149921215	0.23455
1998.5	0.19627	0.2153338813	0.23500
1998.6	0.19660	0.2156849702	0.23540
1998.7	0.19692	0.2160431009	0.23571
1998.8	0.19722	0.2163799070	0.23625
1998.9	0.19747	0.2167312795	0.23664
1999.0	0.19782	0.2170677956	0.23696
1999.1	0.19803	0.2173998380	0.23733
1999.2	0.19833	0.2177035877	0.23774
1999.3	0.19859	0.2179901237	0.23814
1999.4	0.19878	0.2182942011	0.23853
1999.5	0.19906	0.2185953030	0.23893
1999.6	0.19937	0.2188846845	0.23932
1999.7	0.19956	0.2191696802	0.23971
1999.8	0.19980	0.2194776721	0.24009
1999.9	0.19995	0.2197669693	0.24039
2000.0	0.20011	0.2200241545	0.24072
2000.1	0.20038	0.2202959452	0.24105
2000.2	0.20054	0.2205248566	0.24140
2000.3	0.20068	0.2207684443	0.24162
2000.4	0.20081	0.2210332906	0.24186
2000.5	0.20093	0.2212815242	0.24220
2000.6	0.20112	0.2215028871	0.24239
2000.7	0.20125	0.2217206618	0.24266
2000.8	0.20142	0.2219291456	0.24289
2000.9	0.20157	0.2221162772	0.24308
2001.0	0.20177	0.2223034348	0.24329
2001.1	0.20190	0.2224750332	0.24343
2001.2	0.20200	0.2225681743	0.24354
2001.3	0.20215	0.2226187439	0.24358
2001.4	0.20226	0.2226363045	0.24363
2001.5	0.20229	0.2226356386	0.24359
2001.6	0.20230	0.2226044805	0.24350
2001.7	0.20229	0.2225461839	0.24347
2001.8	0.20224	0.2224797698	0.24332
2001.9	0.20215	0.2223673721	0.24311
2002.0	0.20206	0.2222078381	0.24290
2002.1	0.20195	0.2220849466	0.24264
2002.2	0.20188	0.2218855170	0.24235
2002.3	0.20177	0.2216839858	0.24206
2002.4	0.20167	0.2214469123	0.24169
2002.5	0.20143	0.2211671289	0.24136
2002.6	0.20128	0.2209127664	0.24109
2002.7	0.20107	0.2206298729	0.24074
2002.8	0.20084	0.2203274394	0.24046
2002.9	0.20063	0.2199892474	0.24009
2003.0	0.20044	0.2197071487	0.23975
2003.1	0.20024	0.2193733729	0.23934
2003.2	0.19992	0.2190413349	0.23890
2003.3	0.19962	0.2187288115	0.23856
2003.4	0.19938	0.2183625621	0.23814
2003.5	0.19901	0.2179889204	0.23773
2003.6	0.19868	0.2176230976	0.23725
2003.7	0.19836	0.2172983207	0.23681
2003.8	0.19803	0.2169225019	0.23645
2003.9	0.19767	0.2165642690	0.23614
2004.0	0.19732	0.2161995434	0.23578
2004.1	0.19693	0.2158395743	0.23545
2004.2	0.19657	0.2154947711	0.23519
2004.3	0.19622	0.2151114598	0.23478
2004.4	0.19580	0.2148054009	0.23448
2004.5	0.19552	0.2144713260	0.23410
2004.6	0.19521	0.2141613003	0.23372
2004.7	0.19490	0.2138450743	0.23339
2004.8	0.19452	0.2135773081	0.23308
2004.9	0.19426	0.2132827311	0.23277
2005.0	0.19401	0.2130274538	0.23260
2005.1	0.19379	0.2127708026	0.23241
2005.2	0.19353	0.2125149622	0.23214
2005.3	0.19328	0.2123226601	0.23197
2005.4	0.19304	0.2121263153	0.23185
2005.5	0.19284	0.2119724565	0.23178
2005.6	0.19271	0.2118618496	0.23176
2005.7	0.19258	0.2117552958	0.23175
2005.8	0.19239	0.2116483177	0.23170
2005.9	0.19229	0.2116354566	0.23165
2006.0	0.19223	0.2116319969	0.23170
2006.1	0.19209	0.2116198497	0.23179
2006.2	0.19218	0.2117067857	0.23190
2006.3	0.19227	0.2118144139	0.23203
2006.4	0.19229	0.2119909234	0.23222
2006.5	0.19253	0.2121612519	0.23246
2006.6	0.19269	0.2123683861	0.23271
2006.7	0.19290	0.2125795314	0.23296
2006.8	0.19315	0.2128974032	0.23331
2006.9	0.19350	0.2132524085	0.23374
2007.0	0.19393	0.2136721011	0.23413
2007.1	0.19437	0.2140972771	0.23456
2007.2	0.19481	0.2145300563	0.23504
2007.3	0.19526	0.2149481575	0.23550
2007.4	0.19575	0.2153827519	0.23594
2007.5	0.19615	0.2158488114	0.23641
2007.6	0.19666	0.2163199243	0.23688
2007.7	0.19718	0.2167804200	0.23734
2007.8	0.19770	0.2172593241	0.23766
2007.9	0.19810	0.2177307842	0.23810
2008.0	0.19866	0.2182068796	0.23854
2008.1	0.19915	0.2186950029	0.23899
2008.2	0.19970	0.2191906015	0.23941
2008.3	0.20025	0.2196957330	0.23994
2008.4	0.20083	0.2202067145	0.24046
2008.5	0.20144	0.2207309460	0.24087
2008.6	0.20203	0.2212348147	0.24140
2008.7	0.20268	0.2217814287	0.24187
2008.8	0.20329	0.2223628162	0.24245
2008.9	0.20395	0.2229312590	0.24308
2009.0	0.20449	0.2235030862	0.24365
2009.1	0.20520	0.2241382361	0.24418
2009.2	0.20587	0.2247280726	0.24482
2009.3	0.20652	0.2253632706	0.24544
2009.4	0.20711	0.2259951126	0.24594
2009.5	0.20778	0.2266295370	0.24663
2009.6	0.20843	0.2273048589	0.24734
2009.7	0.20914	0.2279830698	0.24803
2009.8	0.20969	0.2286717116	0.24864
2009.9	0.21035	0.2293612197	0.24926
2010.0	0.21117	0.2300927246	0.24993
2010.1	0.21190	0.2308283245	0.25051
2010.2	0.21265	0.2315783906	0.25127
2010.3	0.21343	0.2323153417	0.25201
2010.4	0.21428	0.2330627293	0.25281
2010.5	0.21507	0.2338462081	0.25349
2010.6	0.21588	0.2346510987	0.25427
2010.7	0.21674	0.2354663514	0.25508
2010.8	0.21753	0.2362957668	0.25591
2010.9	0.21833	0.2371275620	0.25675
2011.0	0.21924	0.2380140466	0.25757
2011.1	0.22013	0.2389114888	0.25844
2011.2	0.22108	0.2397985615	0.25937
2011.3	0.22203	0.2407302038	0.26029
2011.4	0.22293	0.2416872582	0.26126
2011.5	0.22397	0.2426617128	0.26224
2011.6	0.22503	0.2436471873	0.26328
2011.7	0.22614	0.2446242725	0.26430
2011.8	0.22718	0.2456535782	0.26533
2011.9	0.22820	0.2466939152	0.26634
2012.0	0.22933	0.2477618569	0.26734
2012.1	0.23045	0.2488446697	0.26840
2012.2	0.23155	0.2499365528	0.26950
2012.3	0.23269	0.2510533951	0.27055
2012.4	0.23382	0.2521958853	0.27165
2012.5	0.23501	0.2533384320	0.27268
2012.6	0.23613	0.2544799480	0.27380
2012.7	0.23732	0.2556345785	0.27494
2012.8	0.23854	0.2567930117	0.27611
2012.9	0.23967	0.2579707433	0.27725
2013.0	0.24087	0.2591446242	0.27844
2013.1	0.24208	0.2603206117	0.27962
2013.2	0.24320	0.2615490750	0.28080
2013.3	0.24447	0.2627663112	0.28202
2013.4	0.24576	0.2639881970	0.28326
2013.5	0.24695	0.2652263101	0.28451
2013.6	0.24820	0.2664715037	0.28568
2013.7	0.24942	0.2677444735	0.28696
2013.8	0.25072	0.2690723050	0.28821
2013.9	0.25198	0.2703880400	0.28948
2014.0	0.25330	0.2717015984	0.29085
2014.1	0.25454	0.2730371178	0.29218
2014.2	0.25589	0.2743628118	0.29353
2014.3	0.25721	0.2757355845	0.29493
2014.4	0.25849	0.2770759023	0.29635
2014.5	0.25980	0.2784352590	0.29778
2014.6	0.26115	0.2798449040	0.29919
2014.7	0.26250	0.2812248073	0.30062
2014.8	0.26386	0.2826428866	0.30213
2014.9	0.26519	0.2840504108	0.30361
2015.0	0.26659	0.2854693829	0.30503
2015.1	0.26787	0.2869376226	0.30655
2015.2	0.26934	0.2883981844	0.30810
2015.3	0.27078	0.2898810968	0.30966
2015.4	0.27221	0.2914110088	0.31129
2015.5	0.27368	0.2929112983	0.31288
2015.6	0.27514	0.2944383603	0.31457
2015.7	0.27653	0.2959912418	0.31622
2015.8	0.27797	0.2975642893	0.31794
2015.9	0.27944	0.2991846655	0.31974
2016.0	0.28088	0.3008013059	0.32157
2016.1	0.28228	0.3023592387	0.32334
2016.2	0.28371	0.3039938820	0.32516
2016.3	0.28521	0.3056859356	0.32696
2016.4	0.28666	0.3073902646	0.32872
2016.5	0.28823	0.3090488287	0.33066
2016.6	0.28971	0.3107490510	0.33259
2016.7	0.29131	0.3124769397	0.33450
2016.8	0.29282	0.3142015583	0.33642
2016.9	0.29435	0.3159596435	0.33831
2017.0	0.29590	0.3177570622	0.34030
2017.1	0.29746	0.3195349906	0.34226
2017.2	0.29905	0.3213294389	0.34432
2017.3	0.30056	0.3231613134	0.34645
2017.4	0.30211	0.3249801644	0.34855
2017.5	0.30368	0.3268188789	0.35072
2017.6	0.30515	0.3286769425	0.35284
2017.7	0.30667	0.3305347151	0.35497
2017.8	0.30828	0.3324409135	0.35723
2017.9	0.30981	0.3343955645	0.35949
2018.0	0.31149	0.3363563099	0.36168
2018.1	0.31316	0.3383500775	0.36398
2018.2	0.31475	0.3402986024	0.36621
2018.3	0.31637	0.3422604509	0.36859
2018.4	0.31804	0.3442894778	0.37096
2018.5	0.31969	0.3463138818	0.37334
2018.6	0.32134	0.3483281207	0.37563
2018.7	0.32295	0.3502818426	0.37815
2018.8	0.32470	0.3523045974	0.38051
2018.9	0.32634	0.3543879332	0.38297
2019.0	0.32800	0.3565139133	0.38536
2019.1	0.32971	0.3585824190	0.38784
2019.2	0.33157	0.3606487080	0.39036
2019.3	0.33334	0.3627630658	0.39291
2019.4	0.33512	0.3649350642	0.39553
2019.5	0.33679	0.3670886495	0.39809
2019.6	0.33853	0.3692302410	0.40059
2019.7	0.34031	0.3714376347	0.40326
2019.8	0.34200	0.3736270600	0.40601
2019.9	0.34361	0.3758969785	0.40865
2020.0	0.34528	0.3781134157	0.41127
2020.1	0.34687	0.3803938724	0.41400
2020.2	0.34868	0.3826598306	0.41678
2020.3	0.35048	0.3848954283	0.41965
2020.4	0.35223	0.3871693028	0.42245
2020.5	0.35405	0.3894792370	0.42540
2020.6	0.35575	0.3918186452	0.42837
2020.7	0.35747	0.3941819541	0.43126
2020.8	0.35910	0.3965030136	0.43427
2020.9	0.36092	0.3988745187	0.43732
2021.0	0.36268	0.4012377120	0.44030
2021.1	0.36443	0.4036810087	0.44327
2021.2	0.36622	0.4061008236	0.44619
2021.3	0.36802	0.4085451065	0.44912
2021.4	0.36991	0.4109626638	0.45216
2021.5	0.37171	0.4134474951	0.45517
2021.6	0.37357	0.4159413060	0.45817
2021.7	0.37535	0.4184207173	0.46126
2021.8	0.37722	0.4209378277	0.46443
2021.9	0.37921	0.4234620758	0.46772
2022.0	0.38103	0.4259327425	0.47092
