1980.0	0.04233	0.0503486007	0.05899
1980.1	0.04228	0.0501880483	0.05872
1980.2	0.04221	0.0500251986	0.05844
1980.3	0.04216	0.0498576852	0.05814
1980.4	0.04209	0.0496998405	0.05788
1980.5	0.04204	0.0495367837	0.05760
1980.6	0.04198	0.0493847870	0.05733
1980.7	0.04191	0.0492294247	0.05705
1980.8	0.04187	0.0490613541	0.05677
1980.9	0.04181	0.0489025224	0.05648
1981.0	0.04178	0.0487434589	0.05621
1981.1	0.04175	0.0485884072	0.05594
1981.2	0.04171	0.0484369983	0.05569
1981.3	0.04164	0.0482838211	0.05544
1981.4	0.04159	0.0481337166	0.05520
1981.5	0.04155	0.0479883377	0.05496
1981.6	0.04147	0.0478398602	0.05471
1981.7	0.04141	0.0476859634	0.05447
1981.8	0.04137	0.0475378966	0.05422
1981.9	0.04131	0.0474015397	0.05397
1982.0	0.04123	0.0472561633	0.05372
1982.1	0.04116	0.0471123407	0.05347
1982.2	0.04112	0.0469683303	0.05326
1982.3	0.04104	0.0468282281	0.05302
1982.4	0.04098	0.0466915049	0.05283
1982.5	0.04093	0.0465469341	0.05264
1982.6	0.04087	0.0464163486	0.05237
1982.7	0.04082	0.0462825863	0.05214
1982.8	0.04078	0.0461441930	0.05195
1982.9	0.04071	0.0460169139	0.05175
1983.0	0.04068	0.0458906419	0.05155
1983.1	0.04061	0.0457627395	0.05136
1983.2	0.04055	0.0456306037	0.05115
1983.3	0.04048	0.0455079198	0.05095
1983.4	0.04041	0.0453838404	0.05076
1983.5	0.04034	0.0452637350	0.05057
1983.6	0.04028	0.0451409471	0.05039
1983.7	0.04022	0.0450269599	0.05021
1983.8	0.04016	0.0449085497	0.05004
1983.9	0.04009	0.0447891685	0.04987
1984.0	0.03999	0.0446707620	0.04971
1984.1	0.03995	0.0445579646	0.04953
1984.2	0.03989	0.0444430077	0.04935
1984.3	0.03982	0.0443292289	0.04916
1984.4	0.03975	0.0442201058	0.04900
1984.5	0.03969	0.0441050127	0.04882
1984.6	0.03963	0.0439898166	0.04866
1984.7	0.03957	0.0438768092	0.04848
1984.8	0.03951	0.0437670784	0.04833
1984.9	0.03945	0.0436644708	0.04818
1985.0	0.03939	0.0435604755	0.04803
1985.1	0.03931	0.0434519116	0.04787
1985.2	0.03925	0.0433552383	0.04771
1985.3	0.03920	0.0432536149	0.04757
1985.4	0.03911	0.0431499451	0.04742
1985.5	0.03906	0.0430501651	0.04729
1985.6	0.03899	0.0429548807	0.04716
1985.7	0.03891	0.0428584354	0.04702
1985.8	0.03884	0.0427689031	0.04687
1985.9	0.03878	0.0426773979	0.04675
1986.0	0.03872	0.0425868304	0.04663
1986.1	0.03866	0.0424962144	0.04651
1986.2	0.03860	0.0424111920	0.04639
1986.3	0.03855	0.0423207335	0.04627
1986.4	0.03850	0.0422334650	0.04615
1986.5	0.03844	0.0421475213	0.04602
1986.6	0.03837	0.0420593966	0.04591
1986.7	0.03831	0.0419796673	0.04581
1986.8	0.03827	0.0418941770	0.04570
1986.9	0.03820	0.0418068519	0.04559
1987.0	0.03813	0.0417265352	0.04549
1987.1	0.03807	0.0416532627	0.04538
1987.2	0.03800	0.0415711841	0.04527
1987.3	0.03794	0.0414974668	0.04518
1987.4	0.03788	0.0414262337	0.04509
1987.5	0.03783	0.0413515999	0.04499
1987.6	0.03777	0.0412740526	0.04491
1987.7	0.03770	0.0412074067	0.04483
1987.8	0.03763	0.0411375006	0.04475
1987.9	0.03757	0.0410644870	0.04468
1988.0	0.03750	0.0409950652	0.04461
1988.1	0.03745	0.0409289263	0.04453
1988.2	0.03739	0.0408679041	0.04445
1988.3	0.03733	0.0408089682	0.04438
1988.4	0.03727	0.0407452215	0.04433
1988.5	0.03721	0.0406802859	0.04425
1988.6	0.03715	0.0406221592	0.04419
1988.7	0.03710	0.0405622076	0.04412
1988.8	0.03704	0.0405031630	0.04406
1988.9	0.03699	0.0404455843	0.04401
1989.0	0.03693	0.0403897524	0.04395
1989.1	0.03688	0.0403352486	0.04390
1989.2	0.03683	0.0402846764	0.04385
1989.3	0.03677	0.0402355849	0.04380
1989.4	0.03672	0.0401907803	0.04376
1989.5	0.03667	0.0401472172	0.04371
1989.6	0.03662	0.0401001760	0.04367
1989.7	0.03657	0.0400544018	0.04363
1989.8	0.03653	0.0400108425	0.04359
1989.9	0.03647	0.0399663135	0.04356
1990.0	0.03642	0.0399260198	0.04353
1990.1	0.03637	0.0398858544	0.04348
1990.2	0.03633	0.0398489113	0.04343
1990.3	0.03631	0.0398105019	0.04339
1990.4	0.03628	0.0397730437	0.04335
1990.5	0.03625	0.0397399234	0.04332
1990.6	0.03623	0.0397065122	0.04328
1990.7	0.03620	0.0396778639	0.04324
1990.8	0.03616	0.0396516056	0.04322
1990.9	0.03613	0.0396195940	0.04318
1991.0	0.03609	0.0395842863	0.04316
1991.1	0.03605	0.0395567119	0.04313
1991.2	0.03601	0.0395295108	0.04311
1991.3	0.03598	0.0394985060	0.04310
1991.4	0.03595	0.0394730278	0.04309
1991.5	0.03591	0.0394484158	0.04305
1991.6	0.03589	0.0394281233	0.04302
1991.7	0.03588	0.0394073265	0.04301
1991.8	0.03585	0.0393888357	0.04299
1991.9	0.03583	0.0393733161	0.04295
1992.0	0.03581	0.0393555820	0.04295
1992.1	0.03579	0.0393450310	0.04294
1992.2	0.03578	0.0393292192	0.04293
1992.3	0.03576	0.0393137252	0.04292
1992.4	0.03576	0.0392948034	0.04292
1992.5	0.03574	0.0392926707	0.04292
1992.6	0.03573	0.0392798989	0.04291
1992.7	0.03572	0.0392669879	0.04292
1992.8	0.03573	0.0392649490	0.04292
1992.9	0.03573	0.0392608274	0.04291
1993.0	0.03572	0.0392532585	0.04292
1993.1	0.03573	0.0392524325	0.04294
1993.2	0.03571	0.0392570100	0.04295
1993.3	0.03570	0.0392570072	0.04296
1993.4	0.03570	0.0392558023	0.04299
1993.5	0.03571	0.0392580968	0.04301
1993.6	0.03570	0.0392655675	0.04303
1993.7	0.03570	0.0392752559	0.04304
1993.8	0.03570	0.0392878151	0.04304
1993.9	0.03570	0.0392964396	0.04307
1994.0	0.03570	0.0393060767	0.04309
1994.1	0.03571	0.0393137082	0.04311
1994.2	0.03571	0.0393297493	0.04315
1994.3	0.03571	0.0393491059	0.04318
1994.4	0.03572	0.0393699272	0.04321
1994.5	0.03572	0.0393870186	0.04325
1994.6	0.03573	0.0394101668	0.04329
1994.7	0.03574	0.0394386843	0.04332
1994.8	0.03575	0.0394650395	0.04337
1994.9	0.03576	0.0394903829	0.04342
1995.0	0.03578	0.0395176155	0.04346
1995.1	0.03581	0.0395446732	0.04352
1995.2	0.03583	0.0395779953	0.04355
1995.3	0.03586	0.0396136811	0.04359
1995.4	0.03588	0.0396538513	0.04363
1995.5	0.03590	0.0396867312	0.04367
1995.6	0.03594	0.0397269098	0.04372
1995.7	0.03597	0.0397683667	0.04377
1995.8	0.03600	0.0398065634	0.04382
1995.9	0.03603	0.0398495591	0.04388
1996.0	0.03608	0.0398970449	0.04393
1996.1	0.03612	0.0399533153	0.04399
1996.2	0.03616	0.0400100581	0.04404
1996.3	0.03622	0.0400673811	0.04411
1996.4	0.03630	0.0401300107	0.04418
1996.5	0.03638	0.0402005306	0.04425
1996.6	0.03645	0.0402763175	0.04431
1996.7	0.03652	0.0403535079	0.04439
1996.8	0.03661	0.0404346585	0.04446
1996.9	0.03672	0.0405245440	0.04454
1997.0	0.03682	0.0406077670	0.04462
1997.1	0.03692	0.0406970711	0.04472
1997.2	0.03701	0.0407980770	0.04479
1997.3	0.03711	0.0408915010	0.04489
1997.4	0.03721	0.0409898343	0.04501
1997.5	0.03731	0.0411000732	0.04511
1997.6	0.03742	0.0412088947	0.04522
1997.7	0.03753	0.0413212428	0.04533
1997.8	0.03764	0.0414316414	0.04544
1997.9	0.03776	0.0415434325	0.04558
1998.0	0.03788	0.0416567197	0.04571
1998.1	0.03797	0.0417690012	0.04584
1998.2	0.03807	0.0418807406	0.04598
1998.3	0.03816	0.0420034501	0.04611
1998.4	0.03827	0.0421244380	0.04627
1998.5	0.03837	0.0422518286	0.04644
1998.6	0.03846	0.0423691218	0.04658
1998.7	0.03856	0.0424912047	0.04675
1998.8	0.03866	0.0426151142	0.04690
1998.9	0.03875	0.0427339185	0.04703
1999.0	0.03886	0.0428528772	0.04719
1999.1	0.03896	0.0429752098	0.04735
1999.2	0.03905	0.0431008707	0.04752
1999.3	0.03914	0.0432233651	0.04768
1999.4	0.03925	0.0433458736	0.04782
1999.5	0.03932	0.0434715035	0.04798
1999.6	0.03941	0.0435906682	0.04813
1999.7	0.03950	0.0437050643	0.04829
1999.8	0.03957	0.0438173950	0.04845
1999.9	0.03967	0.0439348842	0.04859
2000.0	0.03976	0.0440445431	0.04874
2000.1	0.03985	0.0441620727	0.04889
2000.2	0.03994	0.0442810317	0.04903
2000.3	0.04002	0.0443878375	0.04915
2000.4	0.04010	0.0444967527	0.04930
2000.5	0.04019	0.0446043443	0.04943
2000.6	0.04029	0.0447104229	0.04955
2000.7	0.04037	0.0448122813	0.04966
2000.8	0.04043	0.0449100592	0.04977
2000.9	0.04053	0.0450053129	0.04987
2001.0	0.04062	0.0450936693	0.04997
2001.1	0.04070	0.0451790385	0.05005
2001.2	0.04077	0.0452639909	0.05013
2001.3	0.04086	0.0453440799	0.05022
2001.4	0.04093	0.0454269715	0.05029
2001.5	0.04102	0.0455139249	0.05038
2001.6	0.04109	0.0455873302	0.05045
2001.7	0.04117	0.0456652496	0.05052
2001.8	0.04125	0.0457446176	0.05060
2001.9	0.04132	0.0458195851	0.05066
2002.0	0.04141	0.0458892130	0.05072
2002.1	0.04150	0.0459610416	0.05078
2002.2	0.04158	0.0460389911	0.05085
2002.3	0.04165	0.0461238045	0.05093
2002.4	0.04174	0.0461982706	0.05097
2002.5	0.04183	0.0462654760	0.05105
2002.6	0.04192	0.0463360895	0.05112
2002.7	0.04200	0.0464062421	0.05117
2002.8	0.04208	0.0464720006	0.05122
2002.9	0.04215	0.0465374411	0.05127
2003.0	0.04222	0.0466089956	0.05132
2003.1	0.04230	0.0466816204	0.05138
2003.2	0.04240	0.0467442804	0.05144
2003.3	0.04246	0.0468140553	0.05149
2003.4	0.04254	0.0468787280	0.05154
2003.5	0.04261	0.0469521355	0.05159
2003.6	0.04268	0.0470254583	0.05166
2003.7	0.04275	0.0470947703	0.05173
2003.8	0.04282	0.0471583593	0.05181
2003.9	0.04289	0.0472214618	0.05189
2004.0	0.04296	0.0472922862	0.05197
2004.1	0.04301	0.0473582586	0.05205
2004.2	0.04307	0.0474221138	0.05212
2004.3	0.04312	0.0475000352	0.05218
2004.4	0.04321	0.0475727074	0.05226
2004.5	0.04327	0.0476429897	0.05234
2004.6	0.04334	0.0477199702	0.05241
2004.7	0.04341	0.0477972562	0.05248
2004.8	0.04349	0.0478790818	0.05257
2004.9	0.04356	0.0479646606	0.05266
2005.0	0.04361	0.0480452608	0.05274
2005.1	0.04367	0.0481189058	0.05284
2005.2	0.04373	0.0482015279	0.05294
2005.3	0.04381	0.0482848169	0.05304
2005.4	0.04389	0.0483680372	0.05316
2005.5	0.04397	0.0484531010	0.05327
2005.6	0.04404	0.0485421484	0.05338
2005.7	0.04411	0.0486344923	0.05346
2005.8	0.04417	0.0487218365	0.05356
2005.9	0.04426	0.0488201478	0.05367
2006.0	0.04435	0.0489200953	0.05376
2006.1	0.04443	0.0490210273	0.05387
2006.2	0.04453	0.0491197494	0.05398
2006.3	0.04463	0.0492160073	0.05410
2006.4	0.04471	0.0493154537	0.05422
2006.5	0.04481	0.0494216578	0.05435
2006.6	0.04492	0.0495258454	0.05447
2006.7	0.04503	0.0496336604	0.05458
2006.8	0.04514	0.0497478551	0.05468
2006.9	0.04527	0.0498638553	0.05480
2007.0	0.04539	0.0499908161	0.05492
2007.1	0.04551	0.0501166782	0.05504
2007.2	0.04564	0.0502358399	0.05515
2007.3	0.04576	0.0503597024	0.05527
2007.4	0.04588	0.0504834759	0.05537
2007.5	0.04601	0.0506004439	0.05547
2007.6	0.04614	0.0507196824	0.05557
2007.7	0.04625	0.0508325217	0.05567
2007.8	0.04636	0.0509414397	0.05576
2007.9	0.04649	0.0510593197	0.05588
2008.0	0.04660	0.0511716462	0.05601
2008.1	0.04673	0.0512846449	0.05610
2008.2	0.04684	0.0513951143	0.05619
2008.3	0.04696	0.0515124201	0.05630
2008.4	0.04707	0.0516237662	0.05640
2008.5	0.04720	0.0517342261	0.05650
2008.6	0.04732	0.0518379692	0.05661
2008.7	0.04745	0.0519526444	0.05670
2008.8	0.04757	0.0520651110	0.05681
2008.9	0.04769	0.0521835956	0.05692
2009.0	0.04781	0.0522930742	0.05700
2009.1	0.04792	0.0524135559	0.05708
2009.2	0.04805	0.0525271438	0.05720
2009.3	0.04819	0.0526461624	0.05732
2009.4	0.04833	0.0527678565	0.05744
2009.5	0.04846	0.0528924676	0.05755
2009.6	0.04860	0.0530136369	0.05767
2009.7	0.04874	0.0531406471	0.05778
2009.8	0.04888	0.0532742074	0.05788
2009.9	0.04903	0.0534047298	0.05800
2010.0	0.04919	0.0535487488	0.05811
2010.1	0.04934	0.0536949158	0.05824
2010.2	0.04949	0.0538330230	0.05839
2010.3	0.04966	0.0539737688	0.05852
2010.4	0.04982	0.0541218460	0.05865
2010.5	0.04998	0.0542765829	0.05879
2010.6	0.05015	0.0544276549	0.05895
2010.7	0.05031	0.0545871594	0.05908
2010.8	0.05048	0.0547571770	0.05922
2010.9	0.05066	0.0549288920	0.05938
2011.0	0.05084	0.0551040436	0.05956
2011.1	0.05103	0.0552884227	0.05973
2011.2	0.05122	0.0554749503	0.05990
2011.3	0.05143	0.0556599948	0.06006
2011.4	0.05163	0.0558556631	0.06023
2011.5	0.05182	0.0560546134	0.06043
2011.6	0.05204	0.0562598496	0.06061
2011.7	0.05226	0.0564636647	0.06081
2011.8	0.05247	0.0566847242	0.06102
2011.9	0.05272	0.0568976609	0.06122
2012.0	0.05296	0.0571374364	0.06142
2012.1	0.05320	0.0573782650	0.06164
2012.2	0.05346	0.0576180534	0.06184
2012.3	0.05370	0.0578504327	0.06208
2012.4	0.05394	0.0580890398	0.06231
2012.5	0.05418	0.0583355323	0.06254
2012.6	0.05443	0.0585745870	0.06276
2012.7	0.05468	0.0588196448	0.06300
2012.8	0.05494	0.0590623698	0.06325
2012.9	0.05518	0.0593045014	0.06349
2013.0	0.05542	0.0595582614	0.06375
2013.1	0.05569	0.0598027009	0.06401
2013.2	0.05596	0.0600482033	0.06427
2013.3	0.05622	0.0603020318	0.06454
2013.4	0.05647	0.0605589206	0.06479
2013.5	0.05673	0.0608122349	0.06507
2013.6	0.05697	0.0610651932	0.06533
2013.7	0.05721	0.0613222559	0.06560
2013.8	0.05747	0.0615885317	0.06588
2013.9	0.05773	0.0618523921	0.06620
2014.0	0.05797	0.0621258848	0.06648
2014.1	0.05822	0.0623911066	0.06677
2014.2	0.05848	0.0626603706	0.06706
2014.3	0.05872	0.0629405489	0.06734
2014.4	0.05898	0.0632178193	0.06765
2014.5	0.05923	0.0634933391	0.06796
2014.6	0.05946	0.0637847277	0.06825
2014.7	0.05972	0.0640672455	0.06855
2014.8	0.05997	0.0643531484	0.06887
2014.9	0.06024	0.0646348377	0.06921
2015.0	0.06050	0.0649187780	0.06954
2015.1	0.06075	0.0652100643	0.06990
2015.2	0.06101	0.0655038901	0.07025
2015.3	0.06126	0.0658089809	0.07061
2015.4	0.06152	0.0661139064	0.07094
2015.5	0.06178	0.0664163117	0.07128
2015.6	0.06205	0.0667243641	0.07167
2015.7	0.06231	0.0670263096	0.07202
2015.8	0.06255	0.0673376489	0.07240
2015.9	0.06283	0.0676473130	0.07279
2016.0	0.06312	0.0679667161	0.07318
2016.1	0.06338	0.0682917885	0.07358
2016.2	0.06363	0.0686097129	0.07396
2016.3	0.06390	0.0689526113	0.07437
2016.4	0.06415	0.0692836729	0.07481
2016.5	0.06441	0.0696117502	0.07523
2016.6	0.06467	0.0699490036	0.07565
2016.7	0.06496	0.0702978108	0.07608
2016.8	0.06524	0.0706478563	0.07651
2016.9	0.06549	0.0709919175	0.07695
2017.0	0.06574	0.0713417268	0.07739
2017.1	0.06599	0.0716895671	0.07783
2017.2	0.06626	0.0720448935	0.07828
2017.3	0.06653	0.0724004198	0.07876
2017.4	0.06678	0.0727601057	0.07923
2017.5	0.06704	0.0731274949	0.07969
2017.6	0.06732	0.0735008393	0.08019
2017.7	0.06761	0.0738796630	0.08068
2017.8	0.06786	0.0742541778	0.08118
2017.9	0.06813	0.0746306395	0.08167
2018.0	0.06840	0.0750116466	0.08217
2018.1	0.06867	0.0753965107	0.08269
2018.2	0.06894	0.0757774848	0.08322
2018.3	0.06920	0.0761722368	0.08376
2018.4	0.06947	0.0765676534	0.08430
2018.5	0.06972	0.0769666136	0.08484
2018.6	0.06998	0.0773765112	0.08542
2018.7	0.07025	0.0777709485	0.08593
2018.8	0.07052	0.0781796899	0.08647
2018.9	0.07079	0.0785787451	0.08700
2019.0	0.07108	0.0789993736	0.08752
2019.1	0.07138	0.0794130930	0.08809
2019.2	0.07164	0.0798228883	0.08867
2019.3	0.07193	0.0802412496	0.08924
2019.4	0.07218	0.0806667162	0.08983
2019.5	0.07246	0.0810982467	0.09042
2019.6	0.07275	0.0815246006	0.09101
2019.7	0.07303	0.0819572606	0.09162
2019.8	0.07331	0.0823850378	0.09222
2019.9	0.07358	0.0828211126	0.09283
2020.0	0.07387	0.0832677299	0.09343
2020.1	0.07416	0.0837072746	0.09405
2020.2	0.07443	0.0841489893	0.09466
2020.3	0.07470	0.0845872533	0.09528
2020.4	0.07499	0.0850242420	0.09590
2020.5	0.07525	0.0854696687	0.09652
2020.6	0.07552	0.0859255151	0.09716
2020.7	0.07583	0.0863837064	0.09781
2020.8	0.07609	0.0868387485	0.09849
2020.9	0.07634	0.0873031916	0.09914
2021.0	0.07659	0.0877584045	0.09977
2021.1	0.07686	0.0882176896	0.10040
2021.2	0.07717	0.0886866207	0.10107
2021.3	0.07747	0.0891594223	0.10175
2021.4	0.07775	0.0896347198	0.10240
2021.5	0.07807	0.0901209038	0.10308
2021.6	0.07835	0.0906024574	0.10378
2021.7	0.07864	0.0910801160	0.10441
2021.8	0.07895	0.0915763538	0.10508
2021.9	0.07925	0.0920601823	0.10577
2022.0	0.07954	0.0925385660	0.10649
