1980.0	-0.00229	0.0080702600	0.02456
1980.1	-0.00204	0.0081369485	0.02434
1980.2	-0.00177	0.0082123253	0.02413
1980.3	-0.00153	0.0083001289	0.02393
1980.4	-0.00128	0.0083756513	0.02373
1980.5	-0.00102	0.0084471297	0.02357
1980.6	-0.00078	0.0085225523	0.02336
1980.7	-0.00054	0.0085991283	0.02320
1980.8	-0.00030	0.0086711116	0.02302
1980.9	-0.00009	0.0087351174	0.02286
1981.0	0.00013	0.0087912197	0.02271
1981.1	0.00037	0.0088623989	0.02253
1981.2	0.00057	0.0089289342	0.02236
1981.3	0.00078	0.0089899234	0.02216
1981.4	0.00098	0.0090740627	0.02201
1981.5	0.00118	0.0091533360	0.02187
1981.6	0.00136	0.0092179929	0.02171
1981.7	0.00155	0.0092825981	0.02155
1981.8	0.00175	0.0093455403	0.02137
1981.9	0.00188	0.0094147988	0.02117
1982.0	0.00210	0.0094679155	0.02101
1982.1	0.00227	0.0095425853	0.02087
1982.2	0.00241	0.0096039430	0.02074
1982.3	0.00258	0.0096603409	0.02059
1982.4	0.00272	0.0097321744	0.02050
1982.5	0.00287	0.0098177647	0.02036
1982.6	0.00305	0.0098959840	0.02023
1982.7	0.00320	0.0099722268	0.02012
1982.8	0.00335	0.0100295899	0.02002
1982.9	0.00350	0.0101155782	0.01995
1983.0	0.00362	0.0101762615	0.01984
1983.1	0.00374	0.0102450108	0.01976
1983.2	0.00390	0.0103085078	0.01964
1983.3	0.00404	0.0103668827	0.01952
1983.4	0.00418	0.0104299500	0.01946
1983.5	0.00431	0.0104964471	0.01933
1983.6	0.00441	0.0105541443	0.01930
1983.7	0.00452	0.0106278036	0.01919
1983.8	0.00464	0.0106994910	0.01910
1983.9	0.00474	0.0107647747	0.01904
1984.0	0.00485	0.0108324459	0.01894
1984.1	0.00497	0.0109031718	0.01890
1984.2	0.00506	0.0109663201	0.01886
1984.3	0.00514	0.0110367559	0.01881
1984.4	0.00524	0.0111026234	0.01876
1984.5	0.00532	0.0111704646	0.01869
1984.6	0.00540	0.0112521550	0.01871
1984.7	0.00547	0.0113252465	0.01868
1984.8	0.00554	0.0113927019	0.01865
1984.9	0.00562	0.0114521235	0.01862
1985.0	0.00572	0.0115168997	0.01865
1985.1	0.00582	0.0115862989	0.01867
1985.2	0.00590	0.0116581292	0.01870
1985.3	0.00599	0.0117313716	0.01873
1985.4	0.00606	0.0118100111	0.01875
1985.5	0.00615	0.0118743408	0.01879
1985.6	0.00623	0.0119387343	0.01884
1985.7	0.00632	0.0120092210	0.01888
1985.8	0.00638	0.0120823745	0.01894
1985.9	0.00644	0.0121521335	0.01896
1986.0	0.00654	0.0122248998	0.01901
1986.1	0.00662	0.0122909530	0.01911
1986.2	0.00672	0.0123529918	0.01915
1986.3	0.00679	0.0124219990	0.01923
1986.4	0.00683	0.0125023382	0.01928
1986.5	0.00689	0.0125678989	0.01933
1986.6	0.00694	0.0126358671	0.01939
1986.7	0.00698	0.0126966843	0.01942
1986.8	0.00703	0.0127669021	0.01948
1986.9	0.00710	0.0128391770	0.01956
1987.0	0.00717	0.0129151073	0.01962
1987.1	0.00723	0.0129813006	0.01972
1987.2	0.00727	0.0130463171	0.01979
1987.3	0.00733	0.0131231504	0.01990
1987.4	0.00738	0.0131756015	0.02002
1987.5	0.00743	0.0132439449	0.02013
1987.6	0.00748	0.0133006298	0.02021
1987.7	0.00752	0.0133652334	0.02028
1987.8	0.00758	0.0134252945	0.02034
1987.9	0.00763	0.0134764605	0.02044
1988.0	0.00770	0.0135514796	0.02054
1988.1	0.00777	0.0136176586	0.02064
1988.2	0.00781	0.0136875377	0.02073
1988.3	0.00783	0.0137484509	0.02081
1988.4	0.00788	0.0138106688	0.02093
1988.5	0.00791	0.0138713272	0.02102
1988.6	0.00793	0.0139278352	0.02111
1988.7	0.00796	0.0139838948	0.02121
1988.8	0.00798	0.0140443176	0.02133
1988.9	0.00802	0.0140899238	0.02144
1989.0	0.00804	0.0141466466	0.02152
1989.1	0.00808	0.0142021173	0.02162
1989.2	0.00811	0.0142629191	0.02171
1989.3	0.00816	0.0143177771	0.02183
1989.4	0.00820	0.0143743600	0.02191
1989.5	0.00823	0.0144318557	0.02202
1989.6	0.00825	0.0144857196	0.02212
1989.7	0.00828	0.0145454192	0.02219
1989.8	0.00831	0.0146032969	0.02230
1989.9	0.00832	0.0146537136	0.02241
1990.0	0.00834	0.0147010048	0.02251
1990.1	0.00836	0.0147490130	0.02261
1990.2	0.00839	0.0148039687	0.02270
1990.3	0.00840	0.0148582044	0.02277
1990.4	0.00842	0.0149127629	0.02286
1990.5	0.00845	0.0149565727	0.02294
1990.6	0.00847	0.0150119930	0.02302
1990.7	0.00852	0.0150736211	0.02309
1990.8	0.00856	0.0151368746	0.02319
1990.9	0.00862	0.0152069408	0.02335
1991.0	0.00864	0.0152715664	0.02346
1991.1	0.00870	0.0153289414	0.02356
1991.2	0.00874	0.0153915917	0.02365
1991.3	0.00880	0.0154631774	0.02377
1991.4	0.00884	0.0155328256	0.02385
1991.5	0.00890	0.0156003625	0.02396
1991.6	0.00893	0.0156748049	0.02408
1991.7	0.00897	0.0157493867	0.02419
1991.8	0.00901	0.0158101580	0.02431
1991.9	0.00906	0.0158739719	0.02445
1992.0	0.00911	0.0159533970	0.02456
1992.1	0.00917	0.0160216312	0.02470
1992.2	0.00920	0.0160788925	0.02479
1992.3	0.00928	0.0161598322	0.02493
1992.4	0.00929	0.0162415215	0.02501
1992.5	0.00934	0.0163109189	0.02509
1992.6	0.00937	0.0163832607	0.02519
1992.7	0.00946	0.0164641377	0.02529
1992.8	0.00950	0.0165312854	0.02540
1992.9	0.00952	0.0166067449	0.02552
1993.0	0.00957	0.0166794053	0.02564
1993.1	0.00960	0.0167519029	0.02574
1993.2	0.00964	0.0168231306	0.02584
1993.3	0.00970	0.0168887483	0.02596
1993.4	0.00972	0.0169562853	0.02610
1993.5	0.00973	0.0170241450	0.02619
1993.6	0.00975	0.0170928221	0.02629
1993.7	0.00977	0.0171521631	0.02639
1993.8	0.00978	0.0172181920	0.02651
1993.9	0.00979	0.0172839315	0.02662
1994.0	0.00981	0.0173400908	0.02675
1994.1	0.00983	0.0173988106	0.02685
1994.2	0.00984	0.0174506384	0.02695
1994.3	0.00986	0.0175118239	0.02705
1994.4	0.00988	0.0175538773	0.02718
1994.5	0.00990	0.0176180696	0.02729
1994.6	0.00991	0.0176774506	0.02737
1994.7	0.00994	0.0177252489	0.02749
1994.8	0.00996	0.0177723705	0.02755
1994.9	0.00998	0.0178146855	0.02765
1995.0	0.00999	0.0178651954	0.02771
1995.1	0.01002	0.0179116948	0.02779
1995.2	0.01003	0.0179646888	0.02787
1995.3	0.01005	0.0179993414	0.02793
1995.4	0.01007	0.0180385980	0.02801
1995.5	0.01009	0.0180790269	0.02805
1995.6	0.01013	0.0181103330	0.02811
1995.7	0.01013	0.0181444648	0.02818
1995.8	0.01013	0.0181752665	0.02821
1995.9	0.01015	0.0181982140	0.02830
1996.0	0.01016	0.0182222710	0.02834
1996.1	0.01019	0.0182470942	0.02838
1996.2	0.01020	0.0182797555	0.02843
1996.3	0.01023	0.0183035038	0.02845
1996.4	0.01026	0.0183312314	0.02850
1996.5	0.01028	0.0183543694	0.02854
1996.6	0.01031	0.0183861133	0.02854
1996.7	0.01035	0.0184112526	0.02854
1996.8	0.01037	0.0184300636	0.02858
1996.9	0.01042	0.0184589491	0.02861
1997.0	0.01046	0.0184858374	0.02855
1997.1	0.01051	0.0185296621	0.02858
1997.2	0.01054	0.0185669571	0.02860
1997.3	0.01056	0.0185887405	0.02858
1997.4	0.01062	0.0186207142	0.02857
1997.5	0.01068	0.0186553767	0.02860
1997.6	0.01073	0.0186628453	0.02857
1997.7	0.01077	0.0186797020	0.02859
1997.8	0.01079	0.0187048649	0.02852
1997.9	0.01083	0.0187336390	0.02849
1998.0	0.01088	0.0187555021	0.02848
1998.1	0.01091	0.0187599443	0.02849
1998.2	0.01095	0.0187747180	0.02847
1998.3	0.01098	0.0187930620	0.02847
1998.4	0.01102	0.0188222917	0.02844
1998.5	0.01105	0.0188516148	0.02850
1998.6	0.01112	0.0188602038	0.02851
1998.7	0.01114	0.0188576651	0.02852
1998.8	0.01114	0.0188605871	0.02850
1998.9	0.01117	0.0188688832	0.02847
1999.0	0.01118	0.0188805453	0.02848
1999.1	0.01120	0.0188754287	0.02846
1999.2	0.01121	0.0188800782	0.02847
1999.3	0.01123	0.0188810230	0.02845
1999.4	0.01125	0.0188917482	0.02837
1999.5	0.01126	0.0188939213	0.02839
1999.6	0.01129	0.0188739613	0.02841
1999.7	0.01129	0.0188597422	0.02838
1999.8	0.01129	0.0188374798	0.02842
1999.9	0.01128	0.0188344415	0.02844
2000.0	0.01128	0.0188200291	0.02843
2000.1	0.01125	0.0188100080	0.02840
2000.2	0.01125	0.0187709712	0.02837
2000.3	0.01123	0.0187413867	0.02834
2000.4	0.01122	0.0187047582	0.02836
2000.5	0.01120	0.0186747541	0.02831
2000.6	0.01118	0.0186445801	0.02829
2000.7	0.01118	0.0186219219	0.02826
2000.8	0.01116	0.0185907203	0.02819
2000.9	0.01112	0.0185527270	0.02811
2001.0	0.01108	0.0185133740	0.02806
2001.1	0.01104	0.0184681578	0.02802
2001.2	0.01098	0.0184030992	0.02793
2001.3	0.01093	0.0183288409	0.02783
2001.4	0.01089	0.0182470591	0.02771
2001.5	0.01082	0.0181577459	0.02757
2001.6	0.01077	0.0180631476	0.02741
2001.7	0.01071	0.0179522731	0.02724
2001.8	0.01062	0.0178321990	0.02710
2001.9	0.01054	0.0177130338	0.02693
2002.0	0.01045	0.0175761516	0.02675
2002.1	0.01038	0.0174358944	0.02654
2002.2	0.01027	0.0172844560	0.02636
2002.3	0.01018	0.0171323662	0.02613
2002.4	0.01006	0.0169843524	0.02588
2002.5	0.00993	0.0168174821	0.02562
2002.6	0.00983	0.0166355933	0.02538
2002.7	0.00973	0.0164576537	0.02510
2002.8	0.00963	0.0162754256	0.02482
2002.9	0.00949	0.0160799921	0.02452
2003.0	0.00938	0.0158869660	0.02424
2003.1	0.00926	0.0156971227	0.02395
2003.2	0.00915	0.0155074788	0.02368
2003.3	0.00902	0.0153127034	0.02343
2003.4	0.00888	0.0151163689	0.02312
2003.5	0.00873	0.0149175979	0.02284
2003.6	0.00859	0.0147023657	0.02253
2003.7	0.00845	0.0144976532	0.02225
2003.8	0.00829	0.0142956675	0.02198
2003.9	0.00814	0.0140844620	0.02169
2004.0	0.00799	0.0138698701	0.02140
2004.1	0.00784	0.0136672463	0.02109
2004.2	0.00769	0.0134559485	0.02081
2004.3	0.00755	0.0132568928	0.02052
2004.4	0.00739	0.0130474012	0.02025
2004.5	0.00725	0.0128577061	0.01995
2004.6	0.00712	0.0126540441	0.01967
2004.7	0.00698	0.0124534279	0.01939
2004.8	0.00683	0.0122605677	0.01911
2004.9	0.00670	0.0120621248	0.01884
2005.0	0.00657	0.0118683206	0.01859
2005.1	0.00642	0.0116911609	0.01835
2005.2	0.00627	0.0115203219	0.01808
2005.3	0.00615	0.0113364401	0.01785
2005.4	0.00603	0.0111726918	0.01760
2005.5	0.00589	0.0110080363	0.01736
2005.6	0.00576	0.0108448414	0.01714
2005.7	0.00562	0.0106925526	0.01692
2005.8	0.00552	0.0105429202	0.01671
2005.9	0.00540	0.0104123412	0.01655
2006.0	0.00529	0.0102741094	0.01637
2006.1	0.00520	0.0101560001	0.01619
2006.2	0.00511	0.0100460874	0.01601
2006.3	0.00502	0.0099422279	0.01586
2006.4	0.00495	0.0098348973	0.01572
2006.5	0.00489	0.0097367824	0.01559
2006.6	0.00484	0.0096600041	0.01545
2006.7	0.00480	0.0095988663	0.01534
2006.8	0.00477	0.0095409605	0.01525
2006.9	0.00475	0.0094913295	0.01514
2007.0	0.00473	0.0094538531	0.01508
2007.1	0.00473	0.0094142992	0.01499
2007.2	0.00472	0.0093816277	0.01491
2007.3	0.00471	0.0093359240	0.01484
2007.4	0.00471	0.0092908527	0.01475
2007.5	0.00470	0.0092441828	0.01466
2007.6	0.00468	0.0091968444	0.01455
2007.7	0.00467	0.0091453908	0.01446
2007.8	0.00465	0.0090952037	0.01436
2007.9	0.00464	0.0090408389	0.01426
2008.0	0.00464	0.0089880461	0.01416
2008.1	0.00464	0.0089397425	0.01405
2008.2	0.00461	0.0088878755	0.01394
2008.3	0.00461	0.0088436827	0.01384
2008.4	0.00462	0.0087899215	0.01373
2008.5	0.00462	0.0087459872	0.01366
2008.6	0.00459	0.0086956837	0.01359
2008.7	0.00460	0.0086437984	0.01349
2008.8	0.00459	0.0085953620	0.01338
2008.9	0.00458	0.0085510915	0.01330
2009.0	0.00454	0.0085070744	0.01322
2009.1	0.00454	0.0084630494	0.01315
2009.2	0.00455	0.0084266445	0.01305
2009.3	0.00457	0.0083858525	0.01293
2009.4	0.00457	0.0083574100	0.01287
2009.5	0.00458	0.0083362951	0.01281
2009.6	0.00458	0.0083195055	0.01276
2009.7	0.00461	0.0083097405	0.01271
2009.8	0.00462	0.0083080162	0.01266
2009.9	0.00463	0.0082956487	0.01261
2010.0	0.00467	0.0082941155	0.01255
2010.1	0.00470	0.0083049425	0.01250
2010.2	0.00473	0.0083154324	0.01248
2010.3	0.00477	0.0083338678	0.01246
2010.4	0.00479	0.0083539843	0.01246
2010.5	0.00483	0.0083790913	0.01246
2010.6	0.00489	0.0084141635	0.01248
2010.7	0.00496	0.0084526629	0.01249
2010.8	0.00503	0.0085041587	0.01251
2010.9	0.00511	0.0085602677	0.01254
2011.0	0.00518	0.0086183221	0.01256
2011.1	0.00527	0.0086939593	0.01261
2011.2	0.00537	0.0087814978	0.01268
2011.3	0.00548	0.0088731463	0.01276
2011.4	0.00559	0.0089771461	0.01285
2011.5	0.00571	0.0090803774	0.01295
2011.6	0.00583	0.0092040163	0.01305
2011.7	0.00597	0.0093304583	0.01318
2011.8	0.00610	0.0094760106	0.01334
2011.9	0.00626	0.0096247603	0.01348
2012.0	0.00642	0.0097802315	0.01363
2012.1	0.00660	0.0099477222	0.01380
2012.2	0.00673	0.0101171688	0.01400
2012.3	0.00691	0.0102962939	0.01417
2012.4	0.00706	0.0104795135	0.01437
2012.5	0.00719	0.0106509046	0.01456
2012.6	0.00735	0.0108289204	0.01478
2012.7	0.00751	0.0110177203	0.01500
2012.8	0.00766	0.0112053545	0.01523
2012.9	0.00782	0.0114012096	0.01546
2013.0	0.00797	0.0116028052	0.01571
2013.1	0.00812	0.0117996895	0.01597
2013.2	0.00828	0.0119982448	0.01625
2013.3	0.00842	0.0121982785	0.01652
2013.4	0.00857	0.0124083696	0.01681
2013.5	0.00871	0.0126196189	0.01709
2013.6	0.00886	0.0128300413	0.01737
2013.7	0.00899	0.0130521038	0.01766
2013.8	0.00914	0.0132647084	0.01798
2013.9	0.00930	0.0134947265	0.01828
2014.0	0.00947	0.0137185153	0.01857
2014.1	0.00961	0.0139563355	0.01890
2014.2	0.00975	0.0141910386	0.01926
2014.3	0.00990	0.0144405941	0.01962
2014.4	0.01004	0.0146899246	0.01999
2014.5	0.01019	0.0149380664	0.02036
2014.6	0.01033	0.0151976179	0.02075
2014.7	0.01046	0.0154600293	0.02112
2014.8	0.01061	0.0157282676	0.02151
2014.9	0.01076	0.0159972632	0.02190
2015.0	0.01094	0.0162707384	0.02230
2015.1	0.01108	0.0165496602	0.02272
2015.2	0.01123	0.0168288721	0.02316
2015.3	0.01140	0.0171022263	0.02358
2015.4	0.01156	0.0173930398	0.02404
2015.5	0.01170	0.0176891197	0.02449
2015.6	0.01186	0.0179884952	0.02497
2015.7	0.01202	0.0183042543	0.02546
2015.8	0.01218	0.0186196336	0.02597
2015.9	0.01235	0.0189323896	0.02645
2016.0	0.01251	0.0192579347	0.02696
2016.1	0.01270	0.0195828561	0.02745
2016.2	0.01288	0.0199320701	0.02794
2016.3	0.01305	0.0202652006	0.02844
2016.4	0.01327	0.0206089426	0.02897
2016.5	0.01345	0.0209584519	0.02953
2016.6	0.01365	0.0213129572	0.03006
2016.7	0.01386	0.0216842973	0.03064
2016.8	0.01402	0.0220458588	0.03118
2016.9	0.01422	0.0224206984	0.03179
2017.0	0.01442	0.0228068927	0.03238
2017.1	0.01460	0.0231911779	0.03298
2017.2	0.01481	0.0235827177	0.03358
2017.3	0.01501	0.0239730677	0.03421
2017.4	0.01519	0.0243731298	0.03486
2017.5	0.01540	0.0247802659	0.03549
2017.6	0.01560	0.0251875072	0.03613
2017.7	0.01580	0.0256110667	0.03680
2017.8	0.01600	0.0260398028	0.03747
2017.9	0.01622	0.0264613298	0.03814
2018.0	0.01646	0.0268906378	0.03883
2018.1	0.01667	0.0273300978	0.03952
2018.2	0.01690	0.0277660541	0.04018
2018.3	0.01713	0.0282176098	0.04091
2018.4	0.01738	0.0286711005	0.04163
2018.5	0.01762	0.0291278789	0.04234
2018.6	0.01789	0.0295978593	0.04308
2018.7	0.01811	0.0300557563	0.04379
2018.8	0.01832	0.0305256230	0.04452
2018.9	0.01854	0.0309995080	0.04528
2019.0	0.01876	0.0314752445	0.04603
2019.1	0.01899	0.0319637149	0.04679
2019.2	0.01923	0.0324606287	0.04758
2019.3	0.01953	0.0329520524	0.04836
2019.4	0.01980	0.0334688186	0.04914
2019.5	0.02007	0.0339739404	0.04995
2019.6	0.02034	0.0344755350	0.05078
2019.7	0.02060	0.0349921339	0.05158
2019.8	0.02086	0.0355042334	0.05243
2019.9	0.02112	0.0360297720	0.05326
2020.0	0.02141	0.0365645985	0.05413
2020.1	0.02168	0.0370924725	0.05494
2020.2	0.02196	0.0376328428	0.05579
2020.3	0.02226	0.0381811620	0.05665
2020.4	0.02257	0.0387279002	0.05755
2020.5	0.02286	0.0392816386	0.05847
2020.6	0.02314	0.0398347692	0.05937
2020.7	0.02341	0.0404037660	0.06024
2020.8	0.02371	0.0409803369	0.06112
2020.9	0.02402	0.0415480257	0.06201
2021.0	0.02432	0.0421374241	0.06294
2021.1	0.02462	0.0427167179	0.06388
2021.2	0.02493	0.0432961912	0.06484
2021.3	0.02524	0.0438819224	0.06579
2021.4	0.02556	0.0444801366	0.06673
2021.5	0.02586	0.0450852605	0.06770
2021.6	0.02617	0.0456774773	0.06868
2021.7	0.02646	0.0462963942	0.06966
2021.8	0.02680	0.0469102487	0.07067
2021.9	0.02713	0.0475268047	0.07165
2022.0	0.02742	0.0481497021	0.07261
