1980.0	0.00141	0.0054265567	0.01142
1980.1	0.00142	0.0053809151	0.01129
1980.2	0.00142	0.0053304639	0.01116
1980.3	0.00143	0.0052807711	0.01102
1980.4	0.00144	0.0052313832	0.01091
1980.5	0.00144	0.0051825425	0.01078
1980.6	0.00145	0.0051331239	0.01066
1980.7	0.00146	0.0050831112	0.01053
1980.8	0.00147	0.0050348681	0.01040
1980.9	0.00148	0.0049863416	0.01028
1981.0	0.00149	0.0049388115	0.01014
1981.1	0.00149	0.0048924118	0.01002
1981.2	0.00150	0.0048462568	0.00989
1981.3	0.00151	0.0048022901	0.00977
1981.4	0.00151	0.0047563991	0.00966
1981.5	0.00151	0.0047085655	0.00955
1981.6	0.00151	0.0046636925	0.00944
1981.7	0.00151	0.0046185104	0.00932
1981.8	0.00152	0.0045775171	0.00921
1981.9	0.00152	0.0045326951	0.00910
1982.0	0.00152	0.0044892366	0.00899
1982.1	0.00152	0.0044447033	0.00888
1982.2	0.00153	0.0044055663	0.00877
1982.3	0.00154	0.0043699770	0.00866
1982.4	0.00153	0.0043252537	0.00856
1982.5	0.00154	0.0042850716	0.00844
1982.6	0.00155	0.0042448682	0.00834
1982.7	0.00156	0.0042077492	0.00823
1982.8	0.00157	0.0041705763	0.00811
1982.9	0.00157	0.0041302301	0.00800
1983.0	0.00158	0.0040917093	0.00790
1983.1	0.00159	0.0040513248	0.00780
1983.2	0.00159	0.0040182743	0.00770
1983.3	0.00160	0.0039810284	0.00761
1983.4	0.00159	0.0039486944	0.00751
1983.5	0.00160	0.0039155676	0.00741
1983.6	0.00160	0.0038832836	0.00731
1983.7	0.00160	0.0038472091	0.00721
1983.8	0.00160	0.0038096637	0.00713
1983.9	0.00160	0.0037760853	0.00705
1984.0	0.00160	0.0037471032	0.00696
1984.1	0.00160	0.0037157282	0.00687
1984.2	0.00160	0.0036860643	0.00678
1984.3	0.00161	0.0036537718	0.00670
1984.4	0.00161	0.0036239033	0.00660
1984.5	0.00161	0.0035956262	0.00652
1984.6	0.00161	0.0035664706	0.00644
1984.7	0.00162	0.0035367080	0.00636
1984.8	0.00162	0.0035101497	0.00629
1984.9	0.00162	0.0034803304	0.00621
1985.0	0.00162	0.0034519772	0.00614
1985.1	0.00162	0.0034244109	0.00606
1985.2	0.00162	0.0033979635	0.00599
1985.3	0.00163	0.0033719428	0.00593
1985.4	0.00162	0.0033464689	0.00586
1985.5	0.00163	0.0033214673	0.00579
1985.6	0.00163	0.0032980033	0.00573
1985.7	0.00163	0.0032736305	0.00567
1985.8	0.00163	0.0032514941	0.00561
1985.9	0.00163	0.0032317153	0.00555
1986.0	0.00163	0.0032104921	0.00548
1986.1	0.00163	0.0031907328	0.00541
1986.2	0.00164	0.0031710770	0.00536
1986.3	0.00164	0.0031494109	0.00530
1986.4	0.00164	0.0031277916	0.00524
1986.5	0.00164	0.0031067904	0.00518
1986.6	0.00165	0.0030837666	0.00512
1986.7	0.00164	0.0030636664	0.00507
1986.8	0.00164	0.0030458829	0.00501
1986.9	0.00164	0.0030277841	0.00496
1987.0	0.00163	0.0030077855	0.00490
1987.1	0.00163	0.0029890341	0.00485
1987.2	0.00162	0.0029719287	0.00479
1987.3	0.00162	0.0029538732	0.00474
1987.4	0.00162	0.0029395108	0.00471
1987.5	0.00162	0.0029248582	0.00466
1987.6	0.00160	0.0029093158	0.00462
1987.7	0.00160	0.0028915595	0.00459
1987.8	0.00159	0.0028761927	0.00455
1987.9	0.00158	0.0028627021	0.00451
1988.0	0.00158	0.0028464726	0.00447
1988.1	0.00157	0.0028313011	0.00443
1988.2	0.00157	0.0028157919	0.00440
1988.3	0.00157	0.0028034208	0.00436
1988.4	0.00156	0.0027895044	0.00434
1988.5	0.00155	0.0027785895	0.00430
1988.6	0.00155	0.0027687699	0.00427
1988.7	0.00154	0.0027572840	0.00423
1988.8	0.00154	0.0027473309	0.00421
1988.9	0.00153	0.0027373232	0.00418
1989.0	0.00152	0.0027259446	0.00415
1989.1	0.00152	0.0027155390	0.00413
1989.2	0.00151	0.0027051136	0.00410
1989.3	0.00150	0.0026957125	0.00408
1989.4	0.00149	0.0026846714	0.00405
1989.5	0.00149	0.0026757329	0.00404
1989.6	0.00148	0.0026656802	0.00402
1989.7	0.00148	0.0026582476	0.00400
1989.8	0.00147	0.0026506637	0.00400
1989.9	0.00147	0.0026417133	0.00399
1990.0	0.00146	0.0026341238	0.00396
1990.1	0.00146	0.0026277665	0.00396
1990.2	0.00146	0.0026239511	0.00395
1990.3	0.00145	0.0026187739	0.00394
1990.4	0.00144	0.0026132830	0.00394
1990.5	0.00144	0.0026120577	0.00394
1990.6	0.00144	0.0026095016	0.00394
1990.7	0.00143	0.0026099353	0.00393
1990.8	0.00143	0.0026095075	0.00393
1990.9	0.00143	0.0026096970	0.00393
1991.0	0.00142	0.0026118874	0.00393
1991.1	0.00142	0.0026117842	0.00394
1991.2	0.00142	0.0026136891	0.00394
1991.3	0.00141	0.0026178807	0.00396
1991.4	0.00142	0.0026208365	0.00397
1991.5	0.00142	0.0026246953	0.00398
1991.6	0.00142	0.0026310366	0.00399
1991.7	0.00142	0.0026351398	0.00400
1991.8	0.00142	0.0026422225	0.00401
1991.9	0.00142	0.0026485939	0.00402
1992.0	0.00142	0.0026571519	0.00404
1992.1	0.00142	0.0026661192	0.00407
1992.2	0.00142	0.0026732353	0.00408
1992.3	0.00142	0.0026849631	0.00410
1992.4	0.00143	0.0026952466	0.00412
1992.5	0.00143	0.0027066670	0.00414
1992.6	0.00143	0.0027195162	0.00416
1992.7	0.00143	0.0027305406	0.00419
1992.8	0.00143	0.0027441907	0.00421
1992.9	0.00143	0.0027597275	0.00423
1993.0	0.00144	0.0027725540	0.00425
1993.1	0.00143	0.0027864323	0.00427
1993.2	0.00144	0.0028014488	0.00429
1993.3	0.00145	0.0028160349	0.00432
1993.4	0.00146	0.0028304308	0.00435
1993.5	0.00146	0.0028453520	0.00437
1993.6	0.00146	0.0028615807	0.00439
1993.7	0.00147	0.0028793455	0.00441
1993.8	0.00147	0.0028965231	0.00444
1993.9	0.00148	0.0029129699	0.00446
1994.0	0.00149	0.0029290161	0.00451
1994.1	0.00150	0.0029493096	0.00453
1994.2	0.00150	0.0029685689	0.00456
1994.3	0.00151	0.0029869533	0.00459
1994.4	0.00152	0.0030036708	0.00462
1994.5	0.00153	0.0030214500	0.00464
1994.6	0.00155	0.0030388798	0.00467
1994.7	0.00156	0.0030572176	0.00471
1994.8	0.00157	0.0030789466	0.00473
1994.9	0.00158	0.0030989736	0.00476
1995.0	0.00160	0.0031191417	0.00479
1995.1	0.00162	0.0031392061	0.00482
1995.2	0.00164	0.0031575527	0.00485
1995.3	0.00165	0.0031768990	0.00486
1995.4	0.00166	0.0031964582	0.00489
1995.5	0.00168	0.0032148459	0.00491
1995.6	0.00170	0.0032342558	0.00493
1995.7	0.00171	0.0032531258	0.00495
1995.8	0.00173	0.0032710506	0.00497
1995.9	0.00175	0.0032911360	0.00499
1996.0	0.00177	0.0033098346	0.00501
1996.1	0.00179	0.0033274994	0.00503
1996.2	0.00180	0.0033453204	0.00505
1996.3	0.00182	0.0033625885	0.00507
1996.4	0.00184	0.0033767507	0.00508
1996.5	0.00186	0.0033918356	0.00510
1996.6	0.00188	0.0034079610	0.00512
1996.7	0.00190	0.0034228954	0.00513
1996.8	0.00192	0.0034406106	0.00514
1996.9	0.00194	0.0034593329	0.00516
1997.0	0.00197	0.0034718827	0.00518
1997.1	0.00198	0.0034825404	0.00520
1997.2	0.00199	0.0034956348	0.00521
1997.3	0.00201	0.0035095001	0.00523
1997.4	0.00202	0.0035242337	0.00523
1997.5	0.00203	0.0035373301	0.00525
1997.6	0.00205	0.0035488706	0.00527
1997.7	0.00205	0.0035628795	0.00528
1997.8	0.00206	0.0035781370	0.00530
1997.9	0.00207	0.0035929128	0.00531
1998.0	0.00208	0.0036072666	0.00532
1998.1	0.00208	0.0036209830	0.00536
1998.2	0.00209	0.0036337225	0.00538
1998.3	0.00209	0.0036500591	0.00540
1998.4	0.00209	0.0036634175	0.00542
1998.5	0.00209	0.0036752127	0.00544
1998.6	0.00211	0.0036915198	0.00546
1998.7	0.00211	0.0037067320	0.00549
1998.8	0.00210	0.0037270223	0.00553
1998.9	0.00211	0.0037434535	0.00555
1999.0	0.00210	0.0037588195	0.00558
1999.1	0.00211	0.0037743164	0.00563
1999.2	0.00211	0.0037896098	0.00567
1999.3	0.00212	0.0038083546	0.00570
1999.4	0.00212	0.0038272108	0.00574
1999.5	0.00212	0.0038475356	0.00578
1999.6	0.00211	0.0038669563	0.00582
1999.7	0.00212	0.0038880548	0.00586
1999.8	0.00212	0.0039106463	0.00590
1999.9	0.00214	0.0039318828	0.00593
2000.0	0.00214	0.0039591739	0.00598
2000.1	0.00215	0.0039819301	0.00601
2000.2	0.00217	0.0040088101	0.00606
2000.3	0.00218	0.0040330553	0.00611
2000.4	0.00221	0.0040597331	0.00615
2000.5	0.00222	0.0040879098	0.00620
2000.6	0.00224	0.0041149244	0.00625
2000.7	0.00226	0.0041452951	0.00629
2000.8	0.00230	0.0041789417	0.00633
2000.9	0.00233	0.0042159165	0.00638
2001.0	0.00236	0.0042547078	0.00643
2001.1	0.00240	0.0042924583	0.00646
2001.2	0.00242	0.0043257161	0.00651
2001.3	0.00246	0.0043577087	0.00654
2001.4	0.00250	0.0043866897	0.00658
2001.5	0.00253	0.0044155284	0.00662
2001.6	0.00255	0.0044458161	0.00665
2001.7	0.00257	0.0044765030	0.00669
2001.8	0.00259	0.0045032723	0.00673
2001.9	0.00261	0.0045266987	0.00678
2002.0	0.00262	0.0045497557	0.00682
2002.1	0.00262	0.0045753699	0.00687
2002.2	0.00263	0.0045923500	0.00693
2002.3	0.00264	0.0046163595	0.00697
2002.4	0.00265	0.0046381809	0.00703
2002.5	0.00265	0.0046608034	0.00709
2002.6	0.00264	0.0046850245	0.00716
2002.7	0.00265	0.0047018004	0.00721
2002.8	0.00265	0.0047189516	0.00728
2002.9	0.00263	0.0047383017	0.00738
2003.0	0.00263	0.0047625813	0.00745
2003.1	0.00262	0.0047756311	0.00754
2003.2	0.00259	0.0047996139	0.00762
2003.3	0.00258	0.0048162360	0.00770
2003.4	0.00256	0.0048385334	0.00779
2003.5	0.00253	0.0048566930	0.00786
2003.6	0.00252	0.0048744881	0.00792
2003.7	0.00248	0.0048993604	0.00801
2003.8	0.00246	0.0049149711	0.00810
2003.9	0.00243	0.0049436683	0.00822
2004.0	0.00241	0.0049674343	0.00832
2004.1	0.00237	0.0049871926	0.00844
2004.2	0.00235	0.0050075114	0.00856
2004.3	0.00233	0.0050312809	0.00868
2004.4	0.00229	0.0050617137	0.00878
2004.5	0.00226	0.0050958022	0.00889
2004.6	0.00224	0.0051233823	0.00900
2004.7	0.00221	0.0051571794	0.00911
2004.8	0.00219	0.0051938669	0.00922
2004.9	0.00217	0.0052304953	0.00933
2005.0	0.00215	0.0052660068	0.00946
2005.1	0.00214	0.0053082465	0.00956
2005.2	0.00212	0.0053478169	0.00969
2005.3	0.00212	0.0053934013	0.00981
2005.4	0.00211	0.0054432412	0.00992
2005.5	0.00211	0.0054882065	0.01003
2005.6	0.00211	0.0055389405	0.01014
2005.7	0.00211	0.0055868675	0.01026
2005.8	0.00211	0.0056445181	0.01038
2005.9	0.00212	0.0057027224	0.01050
2006.0	0.00213	0.0057705941	0.01063
2006.1	0.00215	0.0058316390	0.01076
2006.2	0.00218	0.0058978163	0.01090
2006.3	0.00221	0.0059604142	0.01101
2006.4	0.00225	0.0060299685	0.01113
2006.5	0.00230	0.0061031913	0.01125
2006.6	0.00234	0.0061837544	0.01138
2006.7	0.00240	0.0062679435	0.01150
2006.8	0.00248	0.0063519769	0.01162
2006.9	0.00254	0.0064397358	0.01175
2007.0	0.00262	0.0065325909	0.01188
2007.1	0.00270	0.0066308538	0.01200
2007.2	0.00278	0.0067278969	0.01213
2007.3	0.00288	0.0068279096	0.01223
2007.4	0.00297	0.0069317134	0.01234
2007.5	0.00305	0.0070307988	0.01249
2007.6	0.00315	0.0071356147	0.01261
2007.7	0.00325	0.0072438208	0.01273
2007.8	0.00334	0.0073515910	0.01285
2007.9	0.00344	0.0074676034	0.01297
2008.0	0.00355	0.0075796069	0.01308
2008.1	0.00365	0.0076926604	0.01319
2008.2	0.00375	0.0078078236	0.01332
2008.3	0.00386	0.0079305158	0.01345
2008.4	0.00396	0.0080500849	0.01359
2008.5	0.00406	0.0081738588	0.01373
2008.6	0.00416	0.0083057357	0.01388
2008.7	0.00427	0.0084294190	0.01402
2008.8	0.00438	0.0085503556	0.01416
2008.9	0.00449	0.0086820089	0.01431
2009.0	0.00460	0.0088131531	0.01449
2009.1	0.00471	0.0089429096	0.01462
2009.2	0.00482	0.0090815363	0.01477
2009.3	0.00494	0.0092187024	0.01493
2009.4	0.00504	0.0093647463	0.01510
2009.5	0.00514	0.0095112302	0.01526
2009.6	0.00526	0.0096544689	0.01541
2009.7	0.00537	0.0097919327	0.01558
2009.8	0.00547	0.0099309127	0.01574
2009.9	0.00558	0.0100668675	0.01592
2010.0	0.00569	0.0102152388	0.01609
2010.1	0.00580	0.0103561810	0.01626
2010.2	0.00591	0.0105029262	0.01642
2010.3	0.00602	0.0106496552	0.01657
2010.4	0.00614	0.0107970208	0.01673
2010.5	0.00626	0.0109422035	0.01688
2010.6	0.00637	0.0110900178	0.01707
2010.7	0.00650	0.0112441127	0.01725
2010.8	0.00662	0.0113955815	0.01742
2010.9	0.00673	0.0115515818	0.01761
2011.0	0.00687	0.0117004596	0.01777
2011.1	0.00698	0.0118518740	0.01796
2011.2	0.00710	0.0120082149	0.01812
2011.3	0.00723	0.0121697775	0.01832
2011.4	0.00736	0.0123233728	0.01850
2011.5	0.00751	0.0124815330	0.01868
2011.6	0.00764	0.0126396752	0.01886
2011.7	0.00777	0.0127944096	0.01904
2011.8	0.00792	0.0129497677	0.01921
2011.9	0.00806	0.0131070301	0.01937
2012.0	0.00821	0.0132711348	0.01954
2012.1	0.00835	0.0134341312	0.01971
2012.2	0.00850	0.0135982485	0.01984
2012.3	0.00865	0.0137552223	0.01999
2012.4	0.00879	0.0139160015	0.02017
2012.5	0.00895	0.0140751953	0.02037
2012.6	0.00911	0.0142463709	0.02055
2012.7	0.00925	0.0144183862	0.02074
2012.8	0.00938	0.0145951276	0.02090
2012.9	0.00952	0.0147713207	0.02105
2013.0	0.00968	0.0149394609	0.02125
2013.1	0.00983	0.0151125045	0.02145
2013.2	0.00997	0.0152879359	0.02166
2013.3	0.01013	0.0154637641	0.02184
2013.4	0.01027	0.0156351052	0.02205
2013.5	0.01043	0.0158073173	0.02222
2013.6	0.01057	0.0159819062	0.02242
2013.7	0.01072	0.0161668259	0.02265
2013.8	0.01087	0.0163409846	0.02287
2013.9	0.01099	0.0165181796	0.02307
2014.0	0.01117	0.0166941910	0.02328
2014.1	0.01130	0.0168714028	0.02348
2014.2	0.01145	0.0170501673	0.02369
2014.3	0.01163	0.0172249994	0.02390
2014.4	0.01178	0.0174242275	0.02414
2014.5	0.01193	0.0176059638	0.02440
2014.6	0.01207	0.0177874057	0.02463
2014.7	0.01222	0.0179797432	0.02487
2014.8	0.01235	0.0181618647	0.02509
2014.9	0.01250	0.0183458084	0.02534
2015.0	0.01265	0.0185213030	0.02554
2015.1	0.01281	0.0187028059	0.02577
2015.2	0.01295	0.0188967184	0.02602
2015.3	0.01309	0.0190877777	0.02622
2015.4	0.01325	0.0192817106	0.02645
2015.5	0.01338	0.0194800497	0.02669
2015.6	0.01351	0.0196834638	0.02696
2015.7	0.01368	0.0198786276	0.02720
2015.8	0.01381	0.0200828193	0.02746
2015.9	0.01396	0.0202845928	0.02773
2016.0	0.01412	0.0204801830	0.02801
2016.1	0.01426	0.0206798493	0.02832
2016.2	0.01442	0.0208849382	0.02858
2016.3	0.01456	0.0210785666	0.02887
2016.4	0.01469	0.0212826808	0.02917
2016.5	0.01482	0.0214849851	0.02949
2016.6	0.01498	0.0216858250	0.02979
2016.7	0.01511	0.0218967097	0.03009
2016.8	0.01523	0.0221165048	0.03036
2016.9	0.01536	0.0223308414	0.03066
2017.0	0.01550	0.0225514123	0.03094
2017.1	0.01563	0.0227639245	0.03131
2017.2	0.01575	0.0229716501	0.03163
2017.3	0.01588	0.0231838081	0.03195
2017.4	0.01602	0.0233852201	0.03232
2017.5	0.01615	0.0235964403	0.03265
2017.6	0.01626	0.0238176797	0.03301
2017.7	0.01641	0.0240254120	0.03334
2017.8	0.01653	0.0242259600	0.03365
2017.9	0.01667	0.0244409615	0.03398
2018.0	0.01678	0.0246653152	0.03438
2018.1	0.01690	0.0248749490	0.03473
2018.2	0.01701	0.0250885703	0.03510
2018.3	0.01714	0.0253096871	0.03549
2018.4	0.01728	0.0255452283	0.03587
2018.5	0.01739	0.0257679910	0.03624
2018.6	0.01750	0.0259838338	0.03665
2018.7	0.01761	0.0262136487	0.03699
2018.8	0.01772	0.0264469189	0.03744
2018.9	0.01785	0.0266726175	0.03784
2019.0	0.01798	0.0269004793	0.03815
2019.1	0.01811	0.0271279129	0.03856
2019.2	0.01824	0.0273578741	0.03895
2019.3	0.01833	0.0276068555	0.03937
2019.4	0.01843	0.0278459665	0.03977
2019.5	0.01852	0.0280712153	0.04021
2019.6	0.01865	0.0282982616	0.04055
2019.7	0.01879	0.0285465612	0.04103
2019.8	0.01890	0.0287849348	0.04146
2019.9	0.01900	0.0290378297	0.04192
2020.0	0.01912	0.0292785887	0.04232
2020.1	0.01923	0.0295196521	0.04271
2020.2	0.01932	0.0297658215	0.04314
2020.3	0.01941	0.0299944727	0.04358
2020.4	0.01949	0.0302368668	0.04409
2020.5	0.01957	0.0304829443	0.04455
2020.6	0.01966	0.0307284196	0.04500
2020.7	0.01974	0.0309892563	0.04549
2020.8	0.01984	0.0312439990	0.04586
2020.9	0.01990	0.0314871566	0.04632
2021.0	0.01996	0.0317414981	0.04674
2021.1	0.02007	0.0319862749	0.04716
2021.2	0.02015	0.0322417768	0.04763
2021.3	0.02023	0.0324923585	0.04811
2021.4	0.02032	0.0327308106	0.04859
2021.5	0.02041	0.0330029247	0.04906
2021.6	0.02048	0.0332700475	0.04956
2021.7	0.02055	0.0335232959	0.05003
2021.8	0.02063	0.0338059811	0.05052
2021.9	0.02067	0.0340706060	0.05101
2022.0	0.02068	0.0343424916	0.05150
