1980.0	0.03494	0.0476062353	0.06178
1980.1	0.03486	0.0473034354	0.06127
1980.2	0.03474	0.0469921792	0.06077
1980.3	0.03461	0.0466967980	0.06025
1980.4	0.03450	0.0463985437	0.05975
1980.5	0.03439	0.0461101221	0.05925
1980.6	0.03429	0.0458079852	0.05878
1980.7	0.03416	0.0455176360	0.05827
1980.8	0.03403	0.0452259770	0.05778
1980.9	0.03390	0.0449533832	0.05729
1981.0	0.03377	0.0446754025	0.05683
1981.1	0.03366	0.0443932527	0.05638
1981.2	0.03355	0.0441118015	0.05593
1981.3	0.03342	0.0438383735	0.05546
1981.4	0.03328	0.0435623047	0.05499
1981.5	0.03314	0.0432938716	0.05451
1981.6	0.03300	0.0430244327	0.05403
1981.7	0.03291	0.0427390226	0.05359
1981.8	0.03278	0.0424584093	0.05316
1981.9	0.03265	0.0421903122	0.05273
1982.0	0.03253	0.0419329810	0.05230
1982.1	0.03245	0.0416738439	0.05189
1982.2	0.03233	0.0414136215	0.05148
1982.3	0.03222	0.0411585893	0.05105
1982.4	0.03208	0.0408860684	0.05062
1982.5	0.03196	0.0406275136	0.05018
1982.6	0.03185	0.0403655203	0.04973
1982.7	0.03174	0.0401155793	0.04933
1982.8	0.03161	0.0398645082	0.04893
1982.9	0.03151	0.0396104049	0.04858
1983.0	0.03139	0.0393635516	0.04817
1983.1	0.03128	0.0391304572	0.04779
1983.2	0.03117	0.0388804131	0.04740
1983.3	0.03107	0.0386292052	0.04702
1983.4	0.03098	0.0383899988	0.04661
1983.5	0.03085	0.0381532935	0.04625
1983.6	0.03074	0.0379216143	0.04591
1983.7	0.03060	0.0376776177	0.04552
1983.8	0.03045	0.0374463815	0.04521
1983.9	0.03032	0.0372090206	0.04483
1984.0	0.03019	0.0369838382	0.04447
1984.1	0.03008	0.0367675842	0.04415
1984.2	0.02996	0.0365437611	0.04380
1984.3	0.02984	0.0363206209	0.04344
1984.4	0.02970	0.0361026993	0.04311
1984.5	0.02955	0.0358878956	0.04279
1984.6	0.02943	0.0356713281	0.04249
1984.7	0.02931	0.0354498305	0.04220
1984.8	0.02919	0.0352361975	0.04191
1984.9	0.02906	0.0350285217	0.04161
1985.0	0.02892	0.0348144298	0.04131
1985.1	0.02879	0.0346025909	0.04103
1985.2	0.02866	0.0343957339	0.04074
1985.3	0.02853	0.0341957337	0.04046
1985.4	0.02841	0.0339912432	0.04018
1985.5	0.02827	0.0337853847	0.03989
1985.6	0.02811	0.0335875309	0.03962
1985.7	0.02794	0.0333994706	0.03936
1985.8	0.02778	0.0332095775	0.03909
1985.9	0.02765	0.0330134663	0.03881
1986.0	0.02747	0.0328305066	0.03857
1986.1	0.02735	0.0326425691	0.03834
1986.2	0.02721	0.0324587905	0.03810
1986.3	0.02706	0.0322667335	0.03784
1986.4	0.02691	0.0320820666	0.03762
1986.5	0.02679	0.0319002059	0.03742
1986.6	0.02665	0.0317223426	0.03719
1986.7	0.02652	0.0315450448	0.03696
1986.8	0.02639	0.0313751421	0.03673
1986.9	0.02623	0.0312025230	0.03653
1987.0	0.02610	0.0310298301	0.03634
1987.1	0.02596	0.0308544746	0.03614
1987.2	0.02583	0.0306866465	0.03594
1987.3	0.02568	0.0305248357	0.03577
1987.4	0.02554	0.0303625975	0.03560
1987.5	0.02541	0.0301959245	0.03540
1987.6	0.02527	0.0300258281	0.03523
1987.7	0.02514	0.0298679238	0.03506
1987.8	0.02498	0.0297120149	0.03489
1987.9	0.02485	0.0295540210	0.03472
1988.0	0.02468	0.0293951834	0.03456
1988.1	0.02453	0.0292479831	0.03439
1988.2	0.02439	0.0290933954	0.03423
1988.3	0.02425	0.0289444587	0.03407
1988.4	0.02410	0.0287968639	0.03393
1988.5	0.02398	0.0286552004	0.03376
1988.6	0.02385	0.0285104541	0.03361
1988.7	0.02371	0.0283737238	0.03347
1988.8	0.02357	0.0282219703	0.03335
1988.9	0.02344	0.0280860404	0.03321
1989.0	0.02328	0.0279428469	0.03308
1989.1	0.02315	0.0278012529	0.03294
1989.2	0.02301	0.0276680105	0.03283
1989.3	0.02288	0.0275329959	0.03267
1989.4	0.02275	0.0273963138	0.03254
1989.5	0.02262	0.0272677835	0.03241
1989.6	0.02250	0.0271367328	0.03231
1989.7	0.02237	0.0270125611	0.03218
1989.8	0.02224	0.0268866575	0.03206
1989.9	0.02210	0.0267538061	0.03197
1990.0	0.02198	0.0266229568	0.03185
1990.1	0.02186	0.0264983864	0.03175
1990.2	0.02172	0.0263794241	0.03164
1990.3	0.02161	0.0262726109	0.03153
1990.4	0.02149	0.0261643734	0.03144
1990.5	0.02139	0.0260610298	0.03134
1990.6	0.02127	0.0259640740	0.03124
1990.7	0.02115	0.0258650752	0.03116
1990.8	0.02105	0.0257678354	0.03107
1990.9	0.02093	0.0256715042	0.03100
1991.0	0.02084	0.0255777949	0.03092
1991.1	0.02073	0.0254875460	0.03086
1991.2	0.02065	0.0254088167	0.03079
1991.3	0.02056	0.0253289178	0.03072
1991.4	0.02048	0.0252502449	0.03065
1991.5	0.02039	0.0251694112	0.03058
1991.6	0.02029	0.0250972605	0.03054
1991.7	0.02021	0.0250221547	0.03051
1991.8	0.02013	0.0249469228	0.03049
1991.9	0.02006	0.0248800400	0.03044
1992.0	0.01999	0.0248164725	0.03041
1992.1	0.01991	0.0247487663	0.03035
1992.2	0.01982	0.0246897878	0.03031
1992.3	0.01973	0.0246290696	0.03026
1992.4	0.01964	0.0245699121	0.03025
1992.5	0.01955	0.0245169891	0.03022
1992.6	0.01948	0.0244627283	0.03016
1992.7	0.01942	0.0244150697	0.03016
1992.8	0.01937	0.0243708946	0.03012
1992.9	0.01932	0.0243292935	0.03010
1993.0	0.01924	0.0242807760	0.03006
1993.1	0.01917	0.0242385175	0.03004
1993.2	0.01912	0.0242035578	0.03003
1993.3	0.01906	0.0241642791	0.03004
1993.4	0.01899	0.0241250270	0.03003
1993.5	0.01895	0.0240940737	0.03004
1993.6	0.01889	0.0240551736	0.03003
1993.7	0.01884	0.0240243591	0.03002
1993.8	0.01880	0.0239960182	0.03004
1993.9	0.01875	0.0239730099	0.03003
1994.0	0.01870	0.0239464565	0.03005
1994.1	0.01865	0.0239223240	0.03008
1994.2	0.01863	0.0239045222	0.03011
1994.3	0.01859	0.0238718287	0.03011
1994.4	0.01855	0.0238573305	0.03012
1994.5	0.01851	0.0238322752	0.03012
1994.6	0.01847	0.0238176823	0.03013
1994.7	0.01841	0.0237960928	0.03013
1994.8	0.01838	0.0237782743	0.03015
1994.9	0.01833	0.0237608455	0.03019
1995.0	0.01829	0.0237435779	0.03021
1995.1	0.01826	0.0237386455	0.03023
1995.2	0.01820	0.0237234618	0.03026
1995.3	0.01815	0.0237121133	0.03027
1995.4	0.01813	0.0237044282	0.03028
1995.5	0.01812	0.0236935110	0.03028
1995.6	0.01810	0.0236935651	0.03029
1995.7	0.01809	0.0236803880	0.03031
1995.8	0.01809	0.0236824009	0.03030
1995.9	0.01809	0.0236781816	0.03031
1996.0	0.01808	0.0236678559	0.03035
1996.1	0.01806	0.0236599537	0.03037
1996.2	0.01806	0.0236518423	0.03040
1996.3	0.01805	0.0236519890	0.03040
1996.4	0.01806	0.0236585624	0.03042
1996.5	0.01806	0.0236611436	0.03043
1996.6	0.01805	0.0236641219	0.03043
1996.7	0.01804	0.0236609979	0.03045
1996.8	0.01802	0.0236619124	0.03047
1996.9	0.01801	0.0236745899	0.03048
1997.0	0.01799	0.0236866167	0.03050
1997.1	0.01799	0.0236978663	0.03051
1997.2	0.01799	0.0237013595	0.03052
1997.3	0.01801	0.0237096624	0.03055
1997.4	0.01800	0.0237246707	0.03058
1997.5	0.01801	0.0237377620	0.03060
1997.6	0.01801	0.0237523821	0.03061
1997.7	0.01801	0.0237658191	0.03066
1997.8	0.01799	0.0237863522	0.03072
1997.9	0.01800	0.0238057506	0.03078
1998.0	0.01800	0.0238339272	0.03083
1998.1	0.01801	0.0238533888	0.03089
1998.2	0.01800	0.0238802357	0.03094
1998.3	0.01799	0.0239024126	0.03098
1998.4	0.01799	0.0239371968	0.03105
1998.5	0.01796	0.0239562990	0.03112
1998.6	0.01796	0.0239800468	0.03121
1998.7	0.01797	0.0240149748	0.03127
1998.8	0.01798	0.0240472987	0.03132
1998.9	0.01798	0.0240835803	0.03137
1999.0	0.01800	0.0241240335	0.03148
1999.1	0.01803	0.0241608306	0.03158
1999.2	0.01802	0.0242058056	0.03168
1999.3	0.01802	0.0242430932	0.03177
1999.4	0.01800	0.0242786562	0.03186
1999.5	0.01797	0.0243161247	0.03197
1999.6	0.01796	0.0243480791	0.03208
1999.7	0.01795	0.0243833360	0.03216
1999.8	0.01796	0.0244233025	0.03226
1999.9	0.01795	0.0244634980	0.03232
2000.0	0.01796	0.0245116044	0.03240
2000.1	0.01797	0.0245418281	0.03250
2000.2	0.01798	0.0245843366	0.03257
2000.3	0.01798	0.0246186644	0.03263
2000.4	0.01799	0.0246499044	0.03267
2000.5	0.01801	0.0246864640	0.03272
2000.6	0.01801	0.0247341758	0.03280
2000.7	0.01802	0.0247800874	0.03288
2000.8	0.01804	0.0248242063	0.03295
2000.9	0.01807	0.0248717397	0.03303
2001.0	0.01811	0.0249063208	0.03305
2001.1	0.01816	0.0249497811	0.03309
2001.2	0.01821	0.0249895212	0.03311
2001.3	0.01825	0.0250281850	0.03317
2001.4	0.01830	0.0250711124	0.03319
2001.5	0.01836	0.0251145662	0.03321
2001.6	0.01839	0.0251525305	0.03321
2001.7	0.01843	0.0251892447	0.03323
2001.8	0.01847	0.0252229121	0.03325
2001.9	0.01853	0.0252507234	0.03327
2002.0	0.01854	0.0252750513	0.03326
2002.1	0.01859	0.0253166047	0.03329
2002.2	0.01865	0.0253531485	0.03333
2002.3	0.01869	0.0253731710	0.03336
2002.4	0.01874	0.0253911379	0.03334
2002.5	0.01877	0.0254169078	0.03332
2002.6	0.01881	0.0254481972	0.03334
2002.7	0.01886	0.0254725890	0.03332
2002.8	0.01891	0.0254975007	0.03334
2002.9	0.01893	0.0255217040	0.03333
2003.0	0.01899	0.0255493781	0.03337
2003.1	0.01904	0.0255715281	0.03337
2003.2	0.01907	0.0256038111	0.03337
2003.3	0.01912	0.0256369861	0.03337
2003.4	0.01914	0.0256701998	0.03342
2003.5	0.01918	0.0256974277	0.03343
2003.6	0.01921	0.0257225001	0.03342
2003.7	0.01926	0.0257498198	0.03343
2003.8	0.01929	0.0257872658	0.03344
2003.9	0.01931	0.0258122692	0.03343
2004.0	0.01935	0.0258492966	0.03345
2004.1	0.01940	0.0258761307	0.03347
2004.2	0.01941	0.0259130458	0.03348
2004.3	0.01943	0.0259491625	0.03351
2004.4	0.01948	0.0259827894	0.03356
2004.5	0.01951	0.0260295430	0.03358
2004.6	0.01954	0.0260667740	0.03362
2004.7	0.01957	0.0260980010	0.03364
2004.8	0.01960	0.0261314824	0.03368
2004.9	0.01963	0.0261780996	0.03372
2005.0	0.01965	0.0262308381	0.03376
2005.1	0.01970	0.0262877752	0.03383
2005.2	0.01975	0.0263446081	0.03387
2005.3	0.01980	0.0263957668	0.03392
2005.4	0.01984	0.0264608379	0.03398
2005.5	0.01990	0.0265163701	0.03403
2005.6	0.01992	0.0265911483	0.03413
2005.7	0.01995	0.0266599215	0.03418
2005.8	0.02001	0.0267195982	0.03425
2005.9	0.02007	0.0268054559	0.03433
2006.0	0.02014	0.0268752937	0.03443
2006.1	0.02021	0.0269557358	0.03452
2006.2	0.02026	0.0270321931	0.03461
2006.3	0.02035	0.0271229354	0.03473
2006.4	0.02042	0.0272044846	0.03482
2006.5	0.02049	0.0272930083	0.03491
2006.6	0.02059	0.0273953944	0.03499
2006.7	0.02069	0.0274888453	0.03511
2006.8	0.02078	0.0275929773	0.03519
2006.9	0.02090	0.0277060590	0.03531
2007.0	0.02101	0.0278140464	0.03542
2007.1	0.02112	0.0279278246	0.03551
2007.2	0.02125	0.0280332383	0.03560
2007.3	0.02136	0.0281446789	0.03570
2007.4	0.02146	0.0282557806	0.03578
2007.5	0.02161	0.0283607153	0.03589
2007.6	0.02173	0.0284627637	0.03593
2007.7	0.02184	0.0285643736	0.03602
2007.8	0.02197	0.0286577666	0.03611
2007.9	0.02207	0.0287521438	0.03618
2008.0	0.02220	0.0288561522	0.03624
2008.1	0.02232	0.0289597509	0.03633
2008.2	0.02245	0.0290631872	0.03638
2008.3	0.02257	0.0291619795	0.03645
2008.4	0.02269	0.0292670193	0.03652
2008.5	0.02281	0.0293616886	0.03662
2008.6	0.02293	0.0294642319	0.03669
2008.7	0.02305	0.0295615140	0.03677
2008.8	0.02317	0.0296601051	0.03687
2008.9	0.02330	0.0297647844	0.03697
2009.0	0.02347	0.0298856166	0.03705
2009.1	0.02358	0.0299906969	0.03717
2009.2	0.02369	0.0301099577	0.03730
2009.3	0.02383	0.0302192072	0.03742
2009.4	0.02396	0.0303389949	0.03752
2009.5	0.02412	0.0304544513	0.03764
2009.6	0.02425	0.0305867994	0.03772
2009.7	0.02440	0.0307179747	0.03783
2009.8	0.02454	0.0308578192	0.03796
2009.9	0.02469	0.0309881585	0.03809
2010.0	0.02484	0.0311431740	0.03820
2010.1	0.02501	0.0313042235	0.03834
2010.2	0.02517	0.0314592721	0.03846
2010.3	0.02534	0.0316290888	0.03862
2010.4	0.02552	0.0317962959	0.03878
2010.5	0.02571	0.0319560956	0.03894
2010.6	0.02591	0.0321366091	0.03909
2010.7	0.02612	0.0323322432	0.03926
2010.8	0.02632	0.0325188401	0.03945
2010.9	0.02655	0.0327183396	0.03961
2011.0	0.02677	0.0329263935	0.03982
2011.1	0.02700	0.0331374777	0.04001
2011.2	0.02723	0.0333515422	0.04023
2011.3	0.02746	0.0335785466	0.04045
2011.4	0.02771	0.0338148300	0.04067
2011.5	0.02797	0.0340665282	0.04089
2011.6	0.02822	0.0343198386	0.04111
2011.7	0.02850	0.0345759980	0.04134
2011.8	0.02877	0.0348489515	0.04157
2011.9	0.02903	0.0351348309	0.04185
2012.0	0.02931	0.0354184124	0.04211
2012.1	0.02962	0.0357161561	0.04238
2012.2	0.02993	0.0360147610	0.04267
2012.3	0.03024	0.0363154029	0.04294
2012.4	0.03052	0.0366251311	0.04323
2012.5	0.03084	0.0369315658	0.04356
2012.6	0.03112	0.0372362668	0.04382
2012.7	0.03143	0.0375537462	0.04412
2012.8	0.03173	0.0378703816	0.04444
2012.9	0.03207	0.0382024736	0.04477
2013.0	0.03240	0.0385268867	0.04507
2013.1	0.03273	0.0388503032	0.04537
2013.2	0.03306	0.0391758561	0.04570
2013.3	0.03338	0.0395027374	0.04599
2013.4	0.03371	0.0398432114	0.04636
2013.5	0.03402	0.0401776786	0.04675
2013.6	0.03433	0.0405279041	0.04713
2013.7	0.03461	0.0408809288	0.04754
2013.8	0.03492	0.0412324563	0.04797
2013.9	0.03521	0.0415841125	0.04833
2014.0	0.03553	0.0419344900	0.04874
2014.1	0.03586	0.0422973819	0.04916
2014.2	0.03618	0.0426693809	0.04954
2014.3	0.03649	0.0430286885	0.04997
2014.4	0.03682	0.0433778306	0.05038
2014.5	0.03715	0.0437472211	0.05084
2014.6	0.03744	0.0441297991	0.05127
2014.7	0.03779	0.0445141603	0.05169
2014.8	0.03810	0.0448848858	0.05213
2014.9	0.03841	0.0452709387	0.05261
2015.0	0.03873	0.0456702400	0.05307
2015.1	0.03906	0.0460745557	0.05356
2015.2	0.03938	0.0464611050	0.05405
2015.3	0.03971	0.0468835813	0.05456
2015.4	0.04003	0.0472933149	0.05508
2015.5	0.04039	0.0476956158	0.05559
2015.6	0.04072	0.0480985763	0.05610
2015.7	0.04102	0.0485272328	0.05660
2015.8	0.04135	0.0489519285	0.05711
2015.9	0.04167	0.0493778559	0.05762
2016.0	0.04202	0.0498217990	0.05819
2016.1	0.04232	0.0502783135	0.05875
2016.2	0.04266	0.0507133439	0.05929
2016.3	0.04302	0.0511488429	0.05989
2016.4	0.04337	0.0515935955	0.06051
2016.5	0.04371	0.0520520099	0.06109
2016.6	0.04401	0.0525089364	0.06173
2016.7	0.04432	0.0529822602	0.06239
2016.8	0.04467	0.0534500123	0.06307
2016.9	0.04499	0.0539250675	0.06367
2017.0	0.04533	0.0543993583	0.06429
2017.1	0.04565	0.0548952865	0.06498
2017.2	0.04593	0.0553919189	0.06566
2017.3	0.04627	0.0558863410	0.06635
2017.4	0.04661	0.0563809297	0.06705
2017.5	0.04695	0.0568847556	0.06775
2017.6	0.04733	0.0573975072	0.06847
2017.7	0.04767	0.0579005218	0.06923
2017.8	0.04799	0.0584053130	0.06997
2017.9	0.04833	0.0589299986	0.07071
2018.0	0.04871	0.0594557695	0.07144
2018.1	0.04903	0.0599873556	0.07217
2018.2	0.04937	0.0605291216	0.07299
2018.3	0.04970	0.0610590326	0.07373
2018.4	0.05006	0.0616120743	0.07450
2018.5	0.05038	0.0621641382	0.07529
2018.6	0.05074	0.0627175662	0.07614
2018.7	0.05109	0.0632839221	0.07693
2018.8	0.05142	0.0638337580	0.07778
2018.9	0.05174	0.0643930441	0.07862
2019.0	0.05207	0.0649606572	0.07950
2019.1	0.05243	0.0655374087	0.08033
2019.2	0.05275	0.0661264667	0.08114
2019.3	0.05305	0.0667228224	0.08199
2019.4	0.05339	0.0673031088	0.08290
2019.5	0.05374	0.0678812221	0.08375
2019.6	0.05408	0.0684633504	0.08463
2019.7	0.05442	0.0690616586	0.08549
2019.8	0.05478	0.0696412020	0.08646
2019.9	0.05510	0.0702456701	0.08739
2020.0	0.05548	0.0708472135	0.08833
2020.1	0.05587	0.0714411719	0.08924
2020.2	0.05624	0.0720559446	0.09016
2020.3	0.05660	0.0726612327	0.09111
2020.4	0.05692	0.0732805657	0.09203
2020.5	0.05727	0.0739118588	0.09306
2020.6	0.05762	0.0745413435	0.09401
2020.7	0.05801	0.0751730582	0.09494
2020.8	0.05839	0.0758199699	0.09592
2020.9	0.05875	0.0764755780	0.09691
2021.0	0.05905	0.0771286284	0.09788
2021.1	0.05940	0.0777877775	0.09885
2021.2	0.05980	0.0784535717	0.09988
2021.3	0.06014	0.0791176461	0.10092
2021.4	0.06049	0.0797864863	0.10196
2021.5	0.06087	0.0804600977	0.10299
2021.6	0.06127	0.0811211030	0.10402
2021.7	0.06162	0.0818056545	0.10506
2021.8	0.06202	0.0824883842	0.10606
2021.9	0.06237	0.0831652586	0.10715
2022.0	0.06277	0.0838719929	0.10822
