1980.0	0.00665	0.0099945186	0.01385
1980.1	0.00670	0.0099926295	0.01379
1980.2	0.00676	0.0099912066	0.01373
1980.3	0.00680	0.0099937605	0.01368
1980.4	0.00684	0.0099920301	0.01363
1980.5	0.00689	0.0099932472	0.01357
1980.6	0.00693	0.0099957712	0.01352
1980.7	0.00698	0.0099967340	0.01347
1980.8	0.00702	0.0099941566	0.01342
1980.9	0.00707	0.0099973763	0.01338
1981.0	0.00711	0.0099969833	0.01333
1981.1	0.00715	0.0099960753	0.01328
1981.2	0.00720	0.0099955026	0.01323
1981.3	0.00724	0.0099907442	0.01319
1981.4	0.00729	0.0099891366	0.01315
1981.5	0.00733	0.0099872935	0.01309
1981.6	0.00737	0.0099857758	0.01304
1981.7	0.00741	0.0099882271	0.01299
1981.8	0.00746	0.0099828266	0.01296
1981.9	0.00750	0.0099840659	0.01290
1982.0	0.00754	0.0099860558	0.01287
1982.1	0.00757	0.0099835187	0.01282
1982.2	0.00760	0.0099873970	0.01279
1982.3	0.00764	0.0099897699	0.01275
1982.4	0.00767	0.0099932734	0.01272
1982.5	0.00771	0.0099945334	0.01268
1982.6	0.00774	0.0099965225	0.01265
1982.7	0.00777	0.0100023854	0.01262
1982.8	0.00780	0.0100046120	0.01258
1982.9	0.00782	0.0100021386	0.01254
1983.0	0.00785	0.0100027657	0.01252
1983.1	0.00788	0.0100022697	0.01248
1983.2	0.00791	0.0100055532	0.01245
1983.3	0.00794	0.0100044986	0.01241
1983.4	0.00796	0.0100035349	0.01239
1983.5	0.00799	0.0100039735	0.01236
1983.6	0.00802	0.0100060426	0.01234
1983.7	0.00804	0.0100070298	0.01230
1983.8	0.00807	0.0100109274	0.01227
1983.9	0.00810	0.0100143353	0.01225
1984.0	0.00812	0.0100128168	0.01223
1984.1	0.00814	0.0100137035	0.01221
1984.2	0.00816	0.0100156274	0.01218
1984.3	0.00817	0.0100181969	0.01216
1984.4	0.00819	0.0100191583	0.01215
1984.5	0.00821	0.0100227944	0.01212
1984.6	0.00822	0.0100274908	0.01211
1984.7	0.00824	0.0100309111	0.01209
1984.8	0.00826	0.0100326430	0.01208
1984.9	0.00828	0.0100293660	0.01206
1985.0	0.00829	0.0100306260	0.01205
1985.1	0.00831	0.0100341105	0.01203
1985.2	0.00832	0.0100373650	0.01202
1985.3	0.00833	0.0100403985	0.01201
1985.4	0.00834	0.0100468882	0.01199
1985.5	0.00835	0.0100514697	0.01199
1985.6	0.00835	0.0100562976	0.01199
1985.7	0.00837	0.0100607468	0.01197
1985.8	0.00838	0.0100629094	0.01195
1985.9	0.00838	0.0100675259	0.01195
1986.0	0.00840	0.0100700094	0.01195
1986.1	0.00841	0.0100743733	0.01194
1986.2	0.00841	0.0100756796	0.01194
1986.3	0.00842	0.0100775169	0.01193
1986.4	0.00842	0.0100800707	0.01194
1986.5	0.00843	0.0100812181	0.01194
1986.6	0.00843	0.0100818420	0.01195
1986.7	0.00844	0.0100820595	0.01195
1986.8	0.00845	0.0100857512	0.01196
1986.9	0.00845	0.0100866554	0.01197
1987.0	0.00846	0.0100892475	0.01196
1987.1	0.00846	0.0100934387	0.01196
1987.2	0.00846	0.0100956881	0.01196
1987.3	0.00846	0.0100996594	0.01197
1987.4	0.00847	0.0101048465	0.01197
1987.5	0.00847	0.0101096728	0.01197
1987.6	0.00846	0.0101078416	0.01198
1987.7	0.00846	0.0101098760	0.01198
1987.8	0.00847	0.0101125099	0.01199
1987.9	0.00847	0.0101162793	0.01200
1988.0	0.00846	0.0101177592	0.01202
1988.1	0.00847	0.0101193649	0.01203
1988.2	0.00846	0.0101251217	0.01203
1988.3	0.00846	0.0101283191	0.01204
1988.4	0.00846	0.0101283052	0.01205
1988.5	0.00846	0.0101296573	0.01207
1988.6	0.00845	0.0101345415	0.01208
1988.7	0.00845	0.0101345641	0.01209
1988.8	0.00845	0.0101398361	0.01210
1988.9	0.00845	0.0101439476	0.01211
1989.0	0.00845	0.0101489023	0.01211
1989.1	0.00845	0.0101553905	0.01214
1989.2	0.00846	0.0101592490	0.01215
1989.3	0.00846	0.0101638358	0.01216
1989.4	0.00846	0.0101686795	0.01217
1989.5	0.00846	0.0101752444	0.01219
1989.6	0.00846	0.0101792461	0.01220
1989.7	0.00845	0.0101843463	0.01221
1989.8	0.00845	0.0101897185	0.01223
1989.9	0.00844	0.0101937317	0.01225
1990.0	0.00844	0.0101988254	0.01227
1990.1	0.00844	0.0102070506	0.01228
1990.2	0.00844	0.0102112849	0.01230
1990.3	0.00845	0.0102156749	0.01231
1990.4	0.00844	0.0102205933	0.01233
1990.5	0.00844	0.0102244323	0.01234
1990.6	0.00844	0.0102250414	0.01235
1990.7	0.00844	0.0102279811	0.01237
1990.8	0.00844	0.0102277907	0.01238
1990.9	0.00843	0.0102267241	0.01240
1991.0	0.00843	0.0102268254	0.01240
1991.1	0.00842	0.0102271194	0.01241
1991.2	0.00842	0.0102266869	0.01243
1991.3	0.00841	0.0102244791	0.01244
1991.4	0.00840	0.0102238026	0.01244
1991.5	0.00839	0.0102221715	0.01246
1991.6	0.00838	0.0102220164	0.01247
1991.7	0.00838	0.0102203139	0.01248
1991.8	0.00836	0.0102208036	0.01249
1991.9	0.00836	0.0102195155	0.01251
1992.0	0.00834	0.0102197927	0.01250
1992.1	0.00834	0.0102151573	0.01251
1992.2	0.00833	0.0102126216	0.01252
1992.3	0.00831	0.0102122202	0.01253
1992.4	0.00830	0.0102096420	0.01254
1992.5	0.00829	0.0102068668	0.01256
1992.6	0.00828	0.0102043064	0.01257
1992.7	0.00827	0.0102049244	0.01258
1992.8	0.00825	0.0101999046	0.01259
1992.9	0.00825	0.0101967636	0.01259
1993.0	0.00824	0.0101950302	0.01260
1993.1	0.00822	0.0101932181	0.01260
1993.2	0.00821	0.0101934894	0.01262
1993.3	0.00820	0.0101945209	0.01264
1993.4	0.00818	0.0101956788	0.01264
1993.5	0.00818	0.0101999475	0.01265
1993.6	0.00816	0.0102016489	0.01266
1993.7	0.00815	0.0101994801	0.01268
1993.8	0.00814	0.0102000605	0.01270
1993.9	0.00814	0.0102009819	0.01271
1994.0	0.00813	0.0102035974	0.01272
1994.1	0.00813	0.0102056453	0.01273
1994.2	0.00812	0.0102071284	0.01275
1994.3	0.00812	0.0102120213	0.01277
1994.4	0.00812	0.0102164711	0.01278
1994.5	0.00812	0.0102189829	0.01279
1994.6	0.00812	0.0102250532	0.01281
1994.7	0.00812	0.0102283122	0.01283
1994.8	0.00812	0.0102349191	0.01284
1994.9	0.00811	0.0102425418	0.01285
1995.0	0.00811	0.0102531783	0.01288
1995.1	0.00812	0.0102617611	0.01289
1995.2	0.00812	0.0102727100	0.01291
1995.3	0.00813	0.0102835399	0.01292
1995.4	0.00813	0.0102957251	0.01294
1995.5	0.00814	0.0103067797	0.01296
1995.6	0.00815	0.0103192177	0.01297
1995.7	0.00816	0.0103331453	0.01299
1995.8	0.00817	0.0103463099	0.01300
1995.9	0.00818	0.0103623787	0.01302
1996.0	0.00820	0.0103789081	0.01303
1996.1	0.00821	0.0103979992	0.01304
1996.2	0.00823	0.0104153544	0.01306
1996.3	0.00825	0.0104316956	0.01307
1996.4	0.00827	0.0104481607	0.01309
1996.5	0.00829	0.0104652484	0.01309
1996.6	0.00831	0.0104817816	0.01309
1996.7	0.00834	0.0104996318	0.01311
1996.8	0.00836	0.0105193308	0.01311
1996.9	0.00839	0.0105348378	0.01312
1997.0	0.00841	0.0105496176	0.01312
1997.1	0.00844	0.0105661809	0.01311
1997.2	0.00847	0.0105850158	0.01312
1997.3	0.00849	0.0106019705	0.01313
1997.4	0.00852	0.0106215879	0.01315
1997.5	0.00855	0.0106341570	0.01315
1997.6	0.00856	0.0106515896	0.01316
1997.7	0.00859	0.0106648945	0.01317
1997.8	0.00861	0.0106848975	0.01318
1997.9	0.00864	0.0107037010	0.01319
1998.0	0.00866	0.0107272436	0.01319
1998.1	0.00869	0.0107497876	0.01319
1998.2	0.00870	0.0107688864	0.01321
1998.3	0.00871	0.0107896917	0.01321
1998.4	0.00874	0.0108072541	0.01321
1998.5	0.00877	0.0108318254	0.01322
1998.6	0.00879	0.0108537504	0.01324
1998.7	0.00882	0.0108785431	0.01325
1998.8	0.00884	0.0109056569	0.01328
1998.9	0.00887	0.0109304117	0.01329
1999.0	0.00890	0.0109559828	0.01330
1999.1	0.00891	0.0109826210	0.01332
1999.2	0.00895	0.0110131508	0.01335
1999.3	0.00897	0.0110482179	0.01337
1999.4	0.00900	0.0110753375	0.01339
1999.5	0.00903	0.0111016241	0.01342
1999.6	0.00905	0.0111372836	0.01344
1999.7	0.00909	0.0111682246	0.01346
1999.8	0.00911	0.0112058656	0.01351
1999.9	0.00915	0.0112375704	0.01354
2000.0	0.00919	0.0112747759	0.01358
2000.1	0.00922	0.0113130636	0.01361
2000.2	0.00925	0.0113532809	0.01366
2000.3	0.00930	0.0113924204	0.01370
2000.4	0.00932	0.0114399822	0.01375
2000.5	0.00936	0.0114845780	0.01381
2000.6	0.00940	0.0115286046	0.01386
2000.7	0.00943	0.0115746437	0.01391
2000.8	0.00947	0.0116257395	0.01396
2000.9	0.00952	0.0116768728	0.01401
2001.0	0.00957	0.0117297063	0.01406
2001.1	0.00963	0.0117822591	0.01411
2001.2	0.00968	0.0118390798	0.01418
2001.3	0.00975	0.0118965664	0.01424
2001.4	0.00980	0.0119564894	0.01431
2001.5	0.00987	0.0120199036	0.01437
2001.6	0.00993	0.0120799745	0.01445
2001.7	0.01000	0.0121440957	0.01452
2001.8	0.01007	0.0122113576	0.01459
2001.9	0.01014	0.0122770844	0.01465
2002.0	0.01020	0.0123397350	0.01472
2002.1	0.01026	0.0124106052	0.01480
2002.2	0.01032	0.0124801773	0.01488
2002.3	0.01039	0.0125523849	0.01494
2002.4	0.01045	0.0126245128	0.01505
2002.5	0.01051	0.0126973274	0.01515
2002.6	0.01057	0.0127742866	0.01525
2002.7	0.01063	0.0128452776	0.01535
2002.8	0.01068	0.0129183500	0.01546
2002.9	0.01073	0.0129967149	0.01556
2003.0	0.01076	0.0130785715	0.01568
2003.1	0.01081	0.0131558124	0.01580
2003.2	0.01086	0.0132378691	0.01594
2003.3	0.01090	0.0133214609	0.01607
2003.4	0.01095	0.0134010009	0.01621
2003.5	0.01099	0.0134805864	0.01635
2003.6	0.01104	0.0135586981	0.01650
2003.7	0.01108	0.0136383591	0.01662
2003.8	0.01112	0.0137207787	0.01677
2003.9	0.01116	0.0138020417	0.01692
2004.0	0.01119	0.0138827733	0.01707
2004.1	0.01123	0.0139572362	0.01720
2004.2	0.01126	0.0140402617	0.01734
2004.3	0.01130	0.0141167727	0.01750
2004.4	0.01133	0.0141952045	0.01765
2004.5	0.01138	0.0142698746	0.01779
2004.6	0.01142	0.0143492078	0.01795
2004.7	0.01147	0.0144298012	0.01809
2004.8	0.01150	0.0145082717	0.01825
2004.9	0.01154	0.0145843913	0.01839
2005.0	0.01158	0.0146688017	0.01852
2005.1	0.01162	0.0147518303	0.01866
2005.2	0.01166	0.0148276649	0.01879
2005.3	0.01170	0.0149075128	0.01891
2005.4	0.01174	0.0149818044	0.01903
2005.5	0.01178	0.0150539224	0.01915
2005.6	0.01183	0.0151251688	0.01927
2005.7	0.01189	0.0151971867	0.01938
2005.8	0.01194	0.0152712979	0.01949
2005.9	0.01200	0.0153442084	0.01958
2006.0	0.01205	0.0154163632	0.01968
2006.1	0.01210	0.0154867166	0.01978
2006.2	0.01216	0.0155554267	0.01987
2006.3	0.01222	0.0156286513	0.01995
2006.4	0.01228	0.0156976221	0.02003
2006.5	0.01235	0.0157686463	0.02012
2006.6	0.01240	0.0158348292	0.02020
2006.7	0.01246	0.0158960200	0.02028
2006.8	0.01252	0.0159637076	0.02034
2006.9	0.01258	0.0160300674	0.02043
2007.0	0.01263	0.0160973563	0.02051
2007.1	0.01269	0.0161600134	0.02060
2007.2	0.01275	0.0162234451	0.02068
2007.3	0.01280	0.0162856833	0.02075
2007.4	0.01287	0.0163475137	0.02081
2007.5	0.01292	0.0164108792	0.02090
2007.6	0.01297	0.0164798301	0.02098
2007.7	0.01303	0.0165436881	0.02106
2007.8	0.01310	0.0166131846	0.02112
2007.9	0.01315	0.0166722092	0.02119
2008.0	0.01319	0.0167406923	0.02125
2008.1	0.01326	0.0168152941	0.02131
2008.2	0.01332	0.0168768910	0.02138
2008.3	0.01338	0.0169438658	0.02147
2008.4	0.01344	0.0170089562	0.02155
2008.5	0.01350	0.0170720321	0.02163
2008.6	0.01356	0.0171478638	0.02171
2008.7	0.01363	0.0172154936	0.02179
2008.8	0.01369	0.0172893334	0.02186
2008.9	0.01376	0.0173596776	0.02193
2009.0	0.01383	0.0174268872	0.02201
2009.1	0.01389	0.0175014851	0.02209
2009.2	0.01396	0.0175762357	0.02216
2009.3	0.01402	0.0176504889	0.02225
2009.4	0.01409	0.0177274932	0.02233
2009.5	0.01416	0.0178032391	0.02240
2009.6	0.01423	0.0178870255	0.02248
2009.7	0.01431	0.0179690699	0.02257
2009.8	0.01440	0.0180544249	0.02266
2009.9	0.01448	0.0181375914	0.02274
2010.0	0.01457	0.0182265344	0.02281
2010.1	0.01466	0.0183148012	0.02290
2010.2	0.01476	0.0184036036	0.02298
2010.3	0.01485	0.0184995050	0.02307
2010.4	0.01495	0.0185966280	0.02316
2010.5	0.01504	0.0186875646	0.02325
2010.6	0.01514	0.0187843336	0.02335
2010.7	0.01524	0.0188828900	0.02345
2010.8	0.01534	0.0189847106	0.02354
2010.9	0.01544	0.0190861039	0.02365
2011.0	0.01554	0.0191923612	0.02374
2011.1	0.01566	0.0193012309	0.02382
2011.2	0.01578	0.0194140330	0.02392
2011.3	0.01589	0.0195195234	0.02402
2011.4	0.01601	0.0196302214	0.02410
2011.5	0.01612	0.0197429513	0.02420
2011.6	0.01624	0.0198602086	0.02430
2011.7	0.01636	0.0199699969	0.02439
2011.8	0.01649	0.0200828771	0.02447
2011.9	0.01663	0.0201908733	0.02458
2012.0	0.01676	0.0203059546	0.02469
2012.1	0.01687	0.0204238354	0.02480
2012.2	0.01700	0.0205364646	0.02489
2012.3	0.01711	0.0206575479	0.02499
2012.4	0.01724	0.0207731653	0.02511
2012.5	0.01736	0.0208843494	0.02523
2012.6	0.01748	0.0210035260	0.02535
2012.7	0.01760	0.0211222409	0.02547
2012.8	0.01773	0.0212413706	0.02556
2012.9	0.01784	0.0213679470	0.02567
2013.0	0.01795	0.0214902361	0.02577
2013.1	0.01810	0.0216137392	0.02588
2013.2	0.01822	0.0217397389	0.02600
2013.3	0.01834	0.0218654247	0.02611
2013.4	0.01847	0.0219961359	0.02622
2013.5	0.01859	0.0221271392	0.02632
2013.6	0.01873	0.0222563747	0.02643
2013.7	0.01885	0.0223826358	0.02654
2013.8	0.01898	0.0225104551	0.02666
2013.9	0.01912	0.0226395007	0.02679
2014.0	0.01926	0.0227732480	0.02691
2014.1	0.01937	0.0229051763	0.02704
2014.2	0.01950	0.0230351144	0.02716
2014.3	0.01961	0.0231715223	0.02730
2014.4	0.01974	0.0232986138	0.02742
2014.5	0.01986	0.0234335506	0.02755
2014.6	0.01999	0.0235704970	0.02769
2014.7	0.02012	0.0237037029	0.02783
2014.8	0.02025	0.0238443264	0.02795
2014.9	0.02037	0.0239786682	0.02808
2015.0	0.02049	0.0241106163	0.02823
2015.1	0.02061	0.0242503086	0.02836
2015.2	0.02075	0.0243869221	0.02849
2015.3	0.02087	0.0245276119	0.02862
2015.4	0.02099	0.0246633026	0.02876
2015.5	0.02113	0.0248043470	0.02891
2015.6	0.02123	0.0249408990	0.02905
2015.7	0.02136	0.0250875162	0.02920
2015.8	0.02148	0.0252255215	0.02936
2015.9	0.02160	0.0253708040	0.02950
2016.0	0.02171	0.0255124616	0.02966
2016.1	0.02185	0.0256576515	0.02981
2016.2	0.02197	0.0258063279	0.02997
2016.3	0.02207	0.0259462573	0.03014
2016.4	0.02221	0.0260953941	0.03032
2016.5	0.02233	0.0262497018	0.03049
2016.6	0.02245	0.0263976168	0.03066
2016.7	0.02257	0.0265512707	0.03083
2016.8	0.02269	0.0266969123	0.03101
2016.9	0.02281	0.0268474776	0.03118
2017.0	0.02294	0.0269941665	0.03137
2017.1	0.02306	0.0271474265	0.03158
2017.2	0.02316	0.0273069386	0.03177
2017.3	0.02328	0.0274564211	0.03196
2017.4	0.02341	0.0276134557	0.03214
2017.5	0.02352	0.0277652203	0.03233
2017.6	0.02362	0.0279154227	0.03252
2017.7	0.02374	0.0280723809	0.03272
2017.8	0.02385	0.0282251292	0.03292
2017.9	0.02396	0.0283874683	0.03314
2018.0	0.02408	0.0285449608	0.03334
2018.1	0.02421	0.0287096567	0.03357
2018.2	0.02431	0.0288741251	0.03380
2018.3	0.02441	0.0290417736	0.03403
2018.4	0.02453	0.0292058985	0.03421
2018.5	0.02463	0.0293681387	0.03444
2018.6	0.02472	0.0295212538	0.03467
2018.7	0.02481	0.0296839371	0.03492
2018.8	0.02492	0.0298547193	0.03515
2018.9	0.02500	0.0300141395	0.03539
2019.0	0.02509	0.0301822978	0.03563
2019.1	0.02519	0.0303540368	0.03585
2019.2	0.02528	0.0305128644	0.03612
2019.3	0.02536	0.0306846257	0.03635
2019.4	0.02546	0.0308526451	0.03661
2019.5	0.02555	0.0310253793	0.03688
2019.6	0.02563	0.0311956035	0.03712
2019.7	0.02572	0.0313766403	0.03737
2019.8	0.02579	0.0315472440	0.03764
2019.9	0.02587	0.0317166220	0.03789
2020.0	0.02599	0.0318922512	0.03819
2020.1	0.02607	0.0320651664	0.03849
2020.2	0.02614	0.0322325022	0.03879
2020.3	0.02620	0.0324034794	0.03908
2020.4	0.02628	0.0325768113	0.03937
2020.5	0.02635	0.0327609853	0.03965
2020.6	0.02643	0.0329340603	0.03991
2020.7	0.02651	0.0331079352	0.04020
2020.8	0.02658	0.0332964937	0.04048
2020.9	0.02664	0.0334752283	0.04076
2021.0	0.02673	0.0336539557	0.04107
2021.1	0.02682	0.0338427892	0.04140
2021.2	0.02689	0.0340280545	0.04172
2021.3	0.02697	0.0342085693	0.04202
2021.4	0.02701	0.0343980925	0.04233
2021.5	0.02709	0.0345724403	0.04263
2021.6	0.02713	0.0347496849	0.04295
2021.7	0.02720	0.0349464157	0.04327
2021.8	0.02726	0.0351300574	0.04358
2021.9	0.02733	0.0353153958	0.04389
2022.0	0.02741	0.0355089419	0.04419
