1980.0	0.00509	0.0080253746	0.01195
1980.1	0.00510	0.0080012844	0.01188
1980.2	0.00512	0.0079765903	0.01179
1980.3	0.00514	0.0079502548	0.01172
1980.4	0.00516	0.0079295283	0.01165
1980.5	0.00518	0.0079073299	0.01158
1980.6	0.00520	0.0078817285	0.01151
1980.7	0.00522	0.0078593156	0.01144
1980.8	0.00523	0.0078363641	0.01136
1980.9	0.00525	0.0078152518	0.01128
1981.0	0.00527	0.0077935696	0.01121
1981.1	0.00529	0.0077706709	0.01113
1981.2	0.00530	0.0077506576	0.01106
1981.3	0.00532	0.0077313774	0.01099
1981.4	0.00533	0.0077096324	0.01092
1981.5	0.00534	0.0076915752	0.01085
1981.6	0.00535	0.0076731104	0.01078
1981.7	0.00537	0.0076498361	0.01072
1981.8	0.00539	0.0076279686	0.01065
1981.9	0.00540	0.0076110584	0.01059
1982.0	0.00542	0.0075901096	0.01052
1982.1	0.00543	0.0075716817	0.01047
1982.2	0.00544	0.0075513600	0.01040
1982.3	0.00546	0.0075328800	0.01034
1982.4	0.00547	0.0075140790	0.01027
1982.5	0.00548	0.0074958406	0.01021
1982.6	0.00549	0.0074776863	0.01015
1982.7	0.00550	0.0074615966	0.01010
1982.8	0.00551	0.0074442509	0.01004
1982.9	0.00552	0.0074264604	0.00999
1983.0	0.00553	0.0074103692	0.00993
1983.1	0.00554	0.0073933313	0.00988
1983.2	0.00556	0.0073790011	0.00982
1983.3	0.00557	0.0073617557	0.00978
1983.4	0.00558	0.0073489218	0.00972
1983.5	0.00559	0.0073325401	0.00966
1983.6	0.00560	0.0073185264	0.00962
1983.7	0.00561	0.0073016760	0.00957
1983.8	0.00562	0.0072876645	0.00952
1983.9	0.00563	0.0072754957	0.00948
1984.0	0.00565	0.0072611819	0.00943
1984.1	0.00566	0.0072498580	0.00939
1984.2	0.00566	0.0072382070	0.00934
1984.3	0.00567	0.0072256177	0.00929
1984.4	0.00567	0.0072113806	0.00925
1984.5	0.00568	0.0071945389	0.00921
1984.6	0.00569	0.0071812380	0.00915
1984.7	0.00570	0.0071704706	0.00911
1984.8	0.00570	0.0071592408	0.00906
1984.9	0.00571	0.0071485831	0.00902
1985.0	0.00572	0.0071371987	0.00899
1985.1	0.00572	0.0071249621	0.00896
1985.2	0.00572	0.0071136503	0.00892
1985.3	0.00572	0.0071044017	0.00889
1985.4	0.00572	0.0070925532	0.00886
1985.5	0.00573	0.0070815636	0.00882
1985.6	0.00573	0.0070704000	0.00878
1985.7	0.00573	0.0070638535	0.00875
1985.8	0.00573	0.0070544749	0.00873
1985.9	0.00574	0.0070458987	0.00870
1986.0	0.00574	0.0070368165	0.00867
1986.1	0.00574	0.0070310520	0.00864
1986.2	0.00574	0.0070212300	0.00861
1986.3	0.00575	0.0070137278	0.00857
1986.4	0.00574	0.0070061413	0.00854
1986.5	0.00574	0.0069999340	0.00852
1986.6	0.00574	0.0069934277	0.00849
1986.7	0.00574	0.0069864541	0.00846
1986.8	0.00574	0.0069791358	0.00844
1986.9	0.00575	0.0069718083	0.00841
1987.0	0.00575	0.0069662341	0.00839
1987.1	0.00574	0.0069599453	0.00837
1987.2	0.00574	0.0069519224	0.00836
1987.3	0.00574	0.0069449941	0.00834
1987.4	0.00574	0.0069380240	0.00832
1987.5	0.00574	0.0069338447	0.00830
1987.6	0.00573	0.0069272914	0.00828
1987.7	0.00573	0.0069228944	0.00827
1987.8	0.00573	0.0069203596	0.00825
1987.9	0.00573	0.0069181471	0.00824
1988.0	0.00573	0.0069151805	0.00823
1988.1	0.00572	0.0069123453	0.00821
1988.2	0.00573	0.0069057409	0.00820
1988.3	0.00573	0.0069019632	0.00819
1988.4	0.00573	0.0068975325	0.00818
1988.5	0.00572	0.0068923184	0.00817
1988.6	0.00572	0.0068912434	0.00817
1988.7	0.00572	0.0068864959	0.00816
1988.8	0.00572	0.0068841339	0.00816
1988.9	0.00571	0.0068819255	0.00815
1989.0	0.00571	0.0068799261	0.00815
1989.1	0.00571	0.0068775645	0.00814
1989.2	0.00571	0.0068737293	0.00814
1989.3	0.00571	0.0068725435	0.00814
1989.4	0.00571	0.0068709144	0.00813
1989.5	0.00570	0.0068693043	0.00813
1989.6	0.00570	0.0068697114	0.00812
1989.7	0.00570	0.0068706834	0.00813
1989.8	0.00570	0.0068692417	0.00813
1989.9	0.00570	0.0068707013	0.00813
1990.0	0.00570	0.0068710655	0.00813
1990.1	0.00570	0.0068709725	0.00813
1990.2	0.00569	0.0068724937	0.00813
1990.3	0.00569	0.0068721156	0.00813
1990.4	0.00569	0.0068733019	0.00813
1990.5	0.00569	0.0068749424	0.00814
1990.6	0.00568	0.0068749018	0.00814
1990.7	0.00568	0.0068747363	0.00813
1990.8	0.00568	0.0068767831	0.00814
1990.9	0.00568	0.0068793730	0.00814
1991.0	0.00568	0.0068807020	0.00815
1991.1	0.00568	0.0068813095	0.00815
1991.2	0.00568	0.0068830885	0.00816
1991.3	0.00568	0.0068852434	0.00816
1991.4	0.00568	0.0068864423	0.00817
1991.5	0.00568	0.0068882651	0.00818
1991.6	0.00568	0.0068880640	0.00818
1991.7	0.00567	0.0068918095	0.00819
1991.8	0.00567	0.0068956402	0.00821
1991.9	0.00567	0.0069000031	0.00821
1992.0	0.00567	0.0069034060	0.00822
1992.1	0.00566	0.0069062425	0.00824
1992.2	0.00566	0.0069102188	0.00825
1992.3	0.00566	0.0069147268	0.00826
1992.4	0.00566	0.0069189715	0.00827
1992.5	0.00566	0.0069210945	0.00828
1992.6	0.00566	0.0069260197	0.00830
1992.7	0.00565	0.0069299206	0.00831
1992.8	0.00565	0.0069347991	0.00832
1992.9	0.00566	0.0069427459	0.00833
1993.0	0.00566	0.0069499146	0.00835
1993.1	0.00566	0.0069545617	0.00836
1993.2	0.00565	0.0069599565	0.00837
1993.3	0.00565	0.0069652189	0.00839
1993.4	0.00566	0.0069715847	0.00840
1993.5	0.00566	0.0069778150	0.00841
1993.6	0.00565	0.0069858538	0.00843
1993.7	0.00566	0.0069947080	0.00844
1993.8	0.00566	0.0070037137	0.00846
1993.9	0.00566	0.0070145280	0.00848
1994.0	0.00567	0.0070245316	0.00849
1994.1	0.00567	0.0070341238	0.00851
1994.2	0.00568	0.0070423137	0.00853
1994.3	0.00568	0.0070521813	0.00855
1994.4	0.00569	0.0070620639	0.00856
1994.5	0.00569	0.0070723839	0.00858
1994.6	0.00570	0.0070844329	0.00859
1994.7	0.00572	0.0070952984	0.00862
1994.8	0.00572	0.0071092502	0.00863
1994.9	0.00574	0.0071211026	0.00865
1995.0	0.00575	0.0071347135	0.00867
1995.1	0.00576	0.0071487959	0.00868
1995.2	0.00577	0.0071654102	0.00870
1995.3	0.00578	0.0071806546	0.00872
1995.4	0.00581	0.0071973375	0.00873
1995.5	0.00582	0.0072139305	0.00875
1995.6	0.00583	0.0072289339	0.00877
1995.7	0.00585	0.0072452242	0.00879
1995.8	0.00587	0.0072621054	0.00880
1995.9	0.00589	0.0072799733	0.00881
1996.0	0.00590	0.0072985222	0.00883
1996.1	0.00592	0.0073157948	0.00884
1996.2	0.00594	0.0073340236	0.00886
1996.3	0.00596	0.0073491828	0.00887
1996.4	0.00599	0.0073678430	0.00889
1996.5	0.00601	0.0073851429	0.00889
1996.6	0.00603	0.0074031258	0.00890
1996.7	0.00605	0.0074202744	0.00891
1996.8	0.00607	0.0074385836	0.00892
1996.9	0.00609	0.0074520588	0.00893
1997.0	0.00611	0.0074652904	0.00894
1997.1	0.00614	0.0074806014	0.00895
1997.2	0.00616	0.0074952992	0.00896
1997.3	0.00618	0.0075082154	0.00897
1997.4	0.00620	0.0075236574	0.00898
1997.5	0.00622	0.0075385464	0.00898
1997.6	0.00624	0.0075521251	0.00900
1997.7	0.00625	0.0075687717	0.00901
1997.8	0.00627	0.0075840953	0.00902
1997.9	0.00629	0.0076009085	0.00903
1998.0	0.00630	0.0076151322	0.00905
1998.1	0.00632	0.0076358291	0.00906
1998.2	0.00634	0.0076539723	0.00907
1998.3	0.00635	0.0076715433	0.00909
1998.4	0.00637	0.0076917449	0.00911
1998.5	0.00638	0.0077099166	0.00913
1998.6	0.00640	0.0077286167	0.00915
1998.7	0.00641	0.0077474713	0.00917
1998.8	0.00642	0.0077680060	0.00919
1998.9	0.00643	0.0077901794	0.00922
1999.0	0.00645	0.0078098709	0.00924
1999.1	0.00646	0.0078295009	0.00926
1999.2	0.00647	0.0078534585	0.00930
1999.3	0.00649	0.0078758278	0.00933
1999.4	0.00650	0.0079008523	0.00935
1999.5	0.00651	0.0079223379	0.00938
1999.6	0.00653	0.0079466877	0.00942
1999.7	0.00655	0.0079728359	0.00946
1999.8	0.00657	0.0080039588	0.00950
1999.9	0.00660	0.0080335025	0.00954
2000.0	0.00663	0.0080645588	0.00959
2000.1	0.00665	0.0080953722	0.00963
2000.2	0.00669	0.0081281429	0.00967
2000.3	0.00672	0.0081629853	0.00972
2000.4	0.00674	0.0082003986	0.00976
2000.5	0.00677	0.0082391878	0.00981
2000.6	0.00681	0.0082787225	0.00986
2000.7	0.00684	0.0083194804	0.00990
2000.8	0.00687	0.0083603146	0.00994
2000.9	0.00692	0.0084027607	0.01000
2001.0	0.00696	0.0084477469	0.01005
2001.1	0.00700	0.0084963754	0.01010
2001.2	0.00704	0.0085394951	0.01016
2001.3	0.00709	0.0085858635	0.01022
2001.4	0.00714	0.0086319827	0.01027
2001.5	0.00717	0.0086770685	0.01033
2001.6	0.00720	0.0087198439	0.01038
2001.7	0.00725	0.0087632713	0.01043
2001.8	0.00729	0.0088053451	0.01048
2001.9	0.00732	0.0088509275	0.01054
2002.0	0.00736	0.0088963964	0.01060
2002.1	0.00739	0.0089412296	0.01066
2002.2	0.00742	0.0089868622	0.01073
2002.3	0.00746	0.0090289455	0.01080
2002.4	0.00748	0.0090760072	0.01088
2002.5	0.00751	0.0091167017	0.01095
2002.6	0.00753	0.0091606717	0.01103
2002.7	0.00754	0.0092011203	0.01111
2002.8	0.00755	0.0092391836	0.01120
2002.9	0.00757	0.0092797515	0.01129
2003.0	0.00759	0.0093211116	0.01139
2003.1	0.00760	0.0093666471	0.01148
2003.2	0.00761	0.0094107384	0.01158
2003.3	0.00762	0.0094591465	0.01168
2003.4	0.00763	0.0095023150	0.01180
2003.5	0.00764	0.0095498434	0.01192
2003.6	0.00765	0.0095920098	0.01203
2003.7	0.00766	0.0096387452	0.01215
2003.8	0.00766	0.0096875356	0.01225
2003.9	0.00767	0.0097377675	0.01236
2004.0	0.00767	0.0097893108	0.01247
2004.1	0.00768	0.0098378273	0.01261
2004.2	0.00767	0.0098925834	0.01272
2004.3	0.00767	0.0099442776	0.01284
2004.4	0.00767	0.0099983198	0.01298
2004.5	0.00767	0.0100515333	0.01311
2004.6	0.00768	0.0101064926	0.01324
2004.7	0.00768	0.0101638158	0.01337
2004.8	0.00769	0.0102198211	0.01348
2004.9	0.00770	0.0102803086	0.01363
2005.0	0.00771	0.0103447043	0.01375
2005.1	0.00772	0.0104049555	0.01387
2005.2	0.00773	0.0104688635	0.01401
2005.3	0.00775	0.0105304564	0.01412
2005.4	0.00777	0.0105934875	0.01425
2005.5	0.00781	0.0106654415	0.01438
2005.6	0.00782	0.0107308990	0.01451
2005.7	0.00785	0.0107995302	0.01464
2005.8	0.00787	0.0108659063	0.01478
2005.9	0.00790	0.0109349293	0.01491
2006.0	0.00794	0.0110117351	0.01505
2006.1	0.00799	0.0110911171	0.01518
2006.2	0.00802	0.0111702596	0.01530
2006.3	0.00807	0.0112466342	0.01542
2006.4	0.00813	0.0113276218	0.01554
2006.5	0.00818	0.0114120398	0.01566
2006.6	0.00825	0.0114971336	0.01578
2006.7	0.00832	0.0115816049	0.01590
2006.8	0.00840	0.0116712625	0.01602
2006.9	0.00848	0.0117649139	0.01614
2007.0	0.00855	0.0118575272	0.01625
2007.1	0.00863	0.0119530188	0.01636
2007.2	0.00871	0.0120535874	0.01648
2007.3	0.00880	0.0121514080	0.01660
2007.4	0.00889	0.0122458341	0.01671
2007.5	0.00899	0.0123423224	0.01682
2007.6	0.00909	0.0124398702	0.01695
2007.7	0.00919	0.0125449073	0.01707
2007.8	0.00928	0.0126416019	0.01719
2007.9	0.00938	0.0127534137	0.01731
2008.0	0.00948	0.0128624965	0.01744
2008.1	0.00959	0.0129736843	0.01757
2008.2	0.00968	0.0130931974	0.01771
2008.3	0.00977	0.0132079389	0.01783
2008.4	0.00986	0.0133206768	0.01795
2008.5	0.00995	0.0134460669	0.01806
2008.6	0.01006	0.0135633354	0.01819
2008.7	0.01016	0.0136798478	0.01832
2008.8	0.01026	0.0137953800	0.01846
2008.9	0.01036	0.0139096287	0.01860
2009.0	0.01047	0.0140275832	0.01875
2009.1	0.01058	0.0141419226	0.01888
2009.2	0.01069	0.0142673977	0.01905
2009.3	0.01078	0.0143951413	0.01918
2009.4	0.01088	0.0145251904	0.01933
2009.5	0.01098	0.0146500822	0.01950
2009.6	0.01108	0.0147743589	0.01965
2009.7	0.01120	0.0148999841	0.01981
2009.8	0.01130	0.0150309865	0.01998
2009.9	0.01141	0.0151613200	0.02014
2010.0	0.01151	0.0152884225	0.02029
2010.1	0.01160	0.0154145190	0.02045
2010.2	0.01170	0.0155478472	0.02061
2010.3	0.01182	0.0156784711	0.02079
2010.4	0.01192	0.0158121856	0.02093
2010.5	0.01205	0.0159406656	0.02111
2010.6	0.01216	0.0160731346	0.02125
2010.7	0.01227	0.0162102670	0.02142
2010.8	0.01240	0.0163361158	0.02157
2010.9	0.01252	0.0164767766	0.02172
2011.0	0.01264	0.0166114068	0.02188
2011.1	0.01277	0.0167459919	0.02203
2011.2	0.01289	0.0168856841	0.02217
2011.3	0.01302	0.0170270183	0.02232
2011.4	0.01314	0.0171659888	0.02245
2011.5	0.01328	0.0173069966	0.02260
2011.6	0.01340	0.0174518655	0.02275
2011.7	0.01353	0.0175948120	0.02290
2011.8	0.01367	0.0177373692	0.02306
2011.9	0.01380	0.0178776445	0.02320
2012.0	0.01393	0.0180219523	0.02334
2012.1	0.01406	0.0181655797	0.02348
2012.2	0.01421	0.0183121953	0.02364
2012.3	0.01434	0.0184604702	0.02378
2012.4	0.01450	0.0186072064	0.02392
2012.5	0.01462	0.0187490962	0.02406
2012.6	0.01476	0.0188964673	0.02419
2012.7	0.01489	0.0190391798	0.02432
2012.8	0.01503	0.0191942085	0.02449
2012.9	0.01517	0.0193475248	0.02465
2013.0	0.01531	0.0194934185	0.02479
2013.1	0.01546	0.0196504947	0.02496
2013.2	0.01560	0.0198038394	0.02512
2013.3	0.01575	0.0199588777	0.02528
2013.4	0.01589	0.0201134572	0.02544
2013.5	0.01604	0.0202719819	0.02561
2013.6	0.01617	0.0204323553	0.02577
2013.7	0.01632	0.0205916814	0.02593
2013.8	0.01647	0.0207500761	0.02610
2013.9	0.01661	0.0209120927	0.02626
2014.0	0.01674	0.0210746792	0.02641
2014.1	0.01690	0.0212375100	0.02659
2014.2	0.01704	0.0213941256	0.02675
2014.3	0.01717	0.0215641077	0.02694
2014.4	0.01731	0.0217263774	0.02712
2014.5	0.01747	0.0218831841	0.02726
2014.6	0.01761	0.0220506666	0.02745
2014.7	0.01774	0.0222218196	0.02762
2014.8	0.01788	0.0223892594	0.02783
2014.9	0.01803	0.0225526751	0.02800
2015.0	0.01818	0.0227207264	0.02819
2015.1	0.01835	0.0228918248	0.02838
2015.2	0.01851	0.0230599842	0.02855
2015.3	0.01867	0.0232356382	0.02873
2015.4	0.01883	0.0234140436	0.02892
2015.5	0.01898	0.0235795296	0.02913
2015.6	0.01914	0.0237531862	0.02932
2015.7	0.01930	0.0239329450	0.02951
2015.8	0.01946	0.0241066953	0.02974
2015.9	0.01960	0.0242835682	0.02993
2016.0	0.01975	0.0244571348	0.03012
2016.1	0.01990	0.0246338174	0.03031
2016.2	0.02004	0.0248009313	0.03053
2016.3	0.02017	0.0249793929	0.03075
2016.4	0.02033	0.0251548596	0.03096
2016.5	0.02049	0.0253398562	0.03119
2016.6	0.02065	0.0255241039	0.03141
2016.7	0.02078	0.0257002637	0.03162
2016.8	0.02092	0.0258797446	0.03185
2016.9	0.02106	0.0260621788	0.03206
2017.0	0.02120	0.0262433873	0.03228
2017.1	0.02133	0.0264264221	0.03250
2017.2	0.02149	0.0266160919	0.03273
2017.3	0.02162	0.0268036781	0.03297
2017.4	0.02175	0.0269879041	0.03318
2017.5	0.02190	0.0271732340	0.03343
2017.6	0.02205	0.0273625606	0.03368
2017.7	0.02220	0.0275468799	0.03393
2017.8	0.02235	0.0277319584	0.03418
2017.9	0.02251	0.0279169905	0.03438
2018.0	0.02265	0.0281082711	0.03467
2018.1	0.02278	0.0283063414	0.03494
2018.2	0.02290	0.0284962624	0.03522
2018.3	0.02306	0.0286967659	0.03548
2018.4	0.02319	0.0288888647	0.03575
2018.5	0.02334	0.0290792801	0.03603
2018.6	0.02348	0.0292727402	0.03627
2018.7	0.02361	0.0294806798	0.03657
2018.8	0.02374	0.0296685053	0.03684
2018.9	0.02388	0.0298732418	0.03714
2019.0	0.02400	0.0300689594	0.03741
2019.1	0.02411	0.0302661120	0.03768
2019.2	0.02423	0.0304728823	0.03798
2019.3	0.02434	0.0306684142	0.03825
2019.4	0.02447	0.0308690656	0.03858
2019.5	0.02459	0.0310762982	0.03887
2019.6	0.02469	0.0312906184	0.03914
2019.7	0.02484	0.0315004550	0.03946
2019.8	0.02497	0.0317003184	0.03975
2019.9	0.02508	0.0319146160	0.04004
2020.0	0.02519	0.0321229586	0.04036
2020.1	0.02530	0.0323254000	0.04068
2020.2	0.02542	0.0325326813	0.04099
2020.3	0.02554	0.0327407583	0.04132
2020.4	0.02565	0.0329572549	0.04167
2020.5	0.02578	0.0331585041	0.04198
2020.6	0.02589	0.0333559629	0.04232
2020.7	0.02603	0.0335577018	0.04264
2020.8	0.02616	0.0337688667	0.04296
2020.9	0.02626	0.0339863834	0.04329
2021.0	0.02636	0.0341939707	0.04368
2021.1	0.02647	0.0344077600	0.04400
2021.2	0.02657	0.0346263934	0.04433
2021.3	0.02668	0.0348415105	0.04469
2021.4	0.02679	0.0350788480	0.04501
2021.5	0.02690	0.0353041123	0.04535
2021.6	0.02697	0.0355170913	0.04567
2021.7	0.02706	0.0357316915	0.04603
2021.8	0.02716	0.0359501722	0.04641
2021.9	0.02726	0.0361577371	0.04671
2022.0	0.02736	0.0363807269	0.04709
